4446
13356
6972
11542
11543
11540
11541
11546
11547
11544
11545
11548
11549
16426
5989
19398
5982
5983
5980
5981
5986
5987
5984
5985
12441
22262
9485
15267
6343
6487
6970
19717
6796
27371
6794
6795
6792
6793
6971
6791
6798
6799
13549
5416
5084
16253
16252
16251
16250
16709
16708
16255
16705
16258
16703
16702
12019
12018
12015
12014
12017
12016
12011
12010
12013
12012
17258
15369
17252
17254
17255
10709
10708
9528
9529
9258
9259
9256
10702
10701
10700
10707
9521
9522
9251
15485
6348
19390
11953
3519
3518
3513
3512
6978
2686
11952
2683
14624
14625
14626
4528
14620
14621
14622
14687
14628
14629
14682
4527
13058
13059
13052
13053
13050
13051
13056
13057
13054
13055
11664
17828
17827
17825
17824
17822
17821
15361
6414
16882
10693
23502
17590
17088
7188
7189
4522
7180
7181
7182
7183
7184
3432
7186
7187
21734
6261
7979
9334
12833
12832
12831
12830
8549
12836
8019
8018
8017
8544
8547
12838
15281
8012
8543
8010
7456
7457
7454
7455
7452
7453
7450
7451
7458
7459
6079
4596
4849
13602
13601
23120
10884
10885
10886
10887
10880
10881
10882
10883
22677
10888
10889
13606
6536
4847
13605
6537
13604
8293
14476
15556
5958
8295
4738
8294
4739
15553
8296
13618
13619
13614
13615
4727
4726
4721
13611
13612
13613
11289
11288
5844
5843
5842
5841
5840
11281
11280
11283
11282
16068
11284
11287
5848
13633
17624
3748
17629
3745
3742
3743
13531
13530
13533
13532
13535
4625
13537
4627
4628
14538
11019
11757
11756
11755
11754
11753
11752
11751
5200
5203
11759
11758
16392
11014
19562
16391
16396
16397
16394
11015
16398
16399
14536
3773
7046
14537
5207
14531
5209
13289
5208
13287
13286
13285
13284
13283
13282
13281
13280
14160
14167
14166
10513
14165
10390
10391
10392
10393
10394
10395
10396
10397
10398
10399
10259
7218
7219
16934
16932
16933
13545
7210
7211
7212
7213
7214
7215
16938
7217
6217
12227
12224
12225
12222
12223
12220
12221
16257
12228
16256
6819
15709
4653
15879
6811
6810
15702
6812
6815
15705
6817
15871
9757
9756
9755
9754
10578
10579
9751
9750
10574
10575
10576
10577
10570
10571
10572
9758
18936
19978
4659
4658
8848
8849
8840
8841
8842
8843
8844
8845
8846
8847
16092
8914
17066
8915
7669
7668
7661
7660
7663
7662
7665
7664
7667
7666
8919
18534
11841
13176
11191
14527
11190
6251
14344
18314
14342
11119
11118
11197
3575
11111
11110
11113
14472
11115
11114
14477
11116
8710
8711
8712
8713
8714
8715
8716
8717
8718
8719
19572
13841
13840
13843
13842
13845
13844
13847
13846
13849
13848
19035
11762
18648
11763
7883
14524
5618
7882
5719
5612
5613
5610
7561
5616
5617
5614
5615
17134
11764
7886
16501
12661
11568
11569
23263
11560
11561
11562
11563
11564
11565
11566
11567
5608
19195
19030
4669
10703
9257
9254
9255
9520
9253
10705
14528
9523
16196
16945
6778
6779
5251
6774
6775
6776
6777
6770
6771
6772
6773
9964
9965
9966
9967
9960
9961
9962
9963
9968
9969
4664
16239
16728
16723
16230
16233
16232
16727
16234
16237
16236
12039
12038
12033
12032
12031
12030
12037
12036
12035
12034
16191
17141
9508
9509
9502
9503
9500
9501
9506
9507
9504
9505
21638
3689
3688
3682
3680
3686
3685
3684
19095
3530
5058
3536
5054
5055
5057
5050
5051
5052
10761
10760
10763
10762
10765
10764
10767
10766
10769
10768
19097
18893
14643
14864
14865
18549
14863
14644
14861
15309
16745
14649
18541
14868
14869
4163
3587
13893
13070
13071
13072
13073
13074
13890
13076
13077
13078
13079
13891
18587
18768
18098
18761
18092
18090
18096
18766
20270
20274
4169
13899
10185
10184
10187
10186
10181
10180
10183
10182
10189
10188
19093
16357
10043
15119
15118
15115
15114
15117
15111
15113
15112
19355
14744
15307
8035
8034
8037
8036
8031
8030
8033
8032
8039
8038
12859
8529
8528
12583
12582
8521
8520
12587
8526
12857
12856
15221
5027
13567
18343
15392
12532
6938
15302
22387
7268
8113
13988
13989
13984
13985
4297
4296
13980
13981
4293
13983
10433
4691
10168
16929
13562
10432
6368
15225
6204
4749
13679
12234
13672
13673
4741
4740
4747
13677
13674
13675
16002
16003
16000
12236
5869
5868
16004
16005
5865
6200
5867
5866
5861
5860
5863
12230
6950
2239
12233
17609
17355
17354
17604
17350
18346
13519
4609
13517
4607
4604
4605
13513
13512
4600
13510
8682
15341
12239
8680
10437
6209
6904
9292
6903
7999
6454
20869
6457
15347
4824
13913
14627
4203
13911
5937
8689
5936
6809
19636
13916
6187
15717
6185
5934
6183
6182
6181
6807
8133
15867
6189
6188
2726
15866
6802
6362
15860
7236
9190
7234
9192
7232
7233
7942
7231
9199
10377
10374
15710
10372
7949
7238
10371
7930
10563
16919
10562
16910
16911
16912
19639
9747
12208
12209
12204
12205
6237
12207
12200
12201
6233
6232
14421
10565
9743
16413
10518
10519
9779
9778
9775
9774
9777
9776
10516
10517
10514
9772
14981
8867
14983
8865
8862
8863
8860
14986
14989
14988
17576
16412
8868
8869
18024
10233
7934
14189
5266
5265
5264
5263
5262
5261
5260
14181
14180
14183
14185
14184
5269
14186
15855
15856
15857
15850
15851
15853
12029
13405
15858
13406
19449
14457
11136
11135
14454
11133
11132
14451
11130
14329
14328
11139
11138
17980
17985
3027
19810
3024
3023
15582
15583
7939
4758
8738
8739
8736
8737
8734
8735
8732
8733
8730
8731
16419
10573
13869
13868
13867
4197
13865
4195
13863
13862
13861
13860
5670
5671
5672
5673
5674
5675
5676
5677
5678
5112
6240
14500
6241
10234
15386
6437
8193
8190
12445
12442
12443
12440
8195
8198
8199
12448
12449
6243
4685
4181
17055
6758
6759
6752
6753
6750
6751
6756
6757
6754
6755
10308
9943
9940
9941
9946
9947
9944
9945
9948
9949
10692
16215
19246
16213
16212
16211
16210
16748
10307
16218
12051
12050
12053
12052
12055
12054
12057
12056
12059
12058
6246
7675
4680
7673
25713
10694
21652
14508
4187
12851
17166
17167
5078
5079
17162
17160
5072
5073
5070
5071
5076
5077
5074
5075
4186
12850
15327
9560
9561
9562
9563
9564
9565
10749
10748
10747
10746
10745
10744
10743
10742
10741
10740
14668
5381
5382
5383
14848
5385
11838
11839
11836
11837
11834
18560
11832
11833
11830
11831
18286
12852
13098
13099
13096
13097
13094
13095
13093
13090
13091
21825
18287
14833
18284
20293
9384
9385
9386
9387
9380
9381
9382
9383
9388
9389
18285
7567
13773
17059
15320
4063
4060
15139
15138
2418
15132
15131
15130
15136
15135
4067
15321
7148
7149
7144
7145
7146
7147
7140
7141
7143
18745
18741
8501
12876
12875
8050
8505
8056
12871
12870
8509
8508
8059
8058
12879
10792
11999
10457
2882
7498
7499
2885
7492
7493
7490
7491
7496
7497
7494
7495
23011
18281
13586
10456
15205
14408
11169
15954
11164
15382
14405
14411
14407
6589
14400
14401
4761
4760
13652
13653
13654
14402
13656
13657
13658
13659
14403
11249
11248
6588
11245
11244
11247
11246
11241
11240
11243
11242
16028
19749
5809
5808
5803
5802
16022
5800
5807
5806
5805
16027
7815
17373
17370
17376
17374
15300
15329
25363
11799
11798
11793
11792
11791
11790
11797
11796
11795
11794
10557
16186
13835
15383
15202
10148
13831
16688
16689
13228
16687
16680
16682
16683
6308
14730
11993
10355
10356
10357
10350
10351
10352
10353
4880
4882
12311
10358
10359
4886
4887
7962
7963
10688
10689
7966
7967
7964
7965
10682
9176
9175
7969
9173
9172
10684
10685
16978
13222
16973
16970
16971
16974
16975
17081
12745
6259
12269
17085
12318
6939
12744
12262
6252
12260
18407
12266
12267
12264
6254
10530
14237
10532
12746
10534
10535
10536
10537
10538
6110
12834
14235
12740
8545
9719
9718
6112
15284
9713
9712
9711
12742
9717
8015
9715
14232
3474
17328
8546
3470
8889
3472
17329
8884
8013
8886
8887
8880
8881
8882
8883
19992
8011
4248
8542
15632
15633
6307
13708
15208
14948
6222
4249
15636
15637
17322
7023
5249
5248
7022
5244
5247
5246
5241
7021
5243
5242
13135
6223
13137
7020
13131
13130
15834
13132
7027
15838
15839
13138
9002
7931
5624
7025
17101
9000
7281
4247
14302
14301
7280
14307
14306
3003
14304
7935
14309
14308
3009
7029
18352
7286
6300
7028
9108
20333
7284
17962
17960
5482
9454
9009
10672
10223
9104
17108
9105
10677
9103
5828
5658
5659
5656
5655
5652
5653
4453
10435
4452
4451
4450
17172
4457
4830
12481
13344
13345
23738
11624
13948
16982
12486
4458
12468
6418
12464
12465
12466
6416
6411
12461
6413
12463
7777
7776
7775
7774
7773
7772
7771
7770
4832
12487
7779
7778
3917
19486
3914
19483
3912
3911
3910
3919
3918
8314
8315
8316
8317
8310
6735
8312
8313
6739
8318
8319
15990
9928
9929
12292
9920
9921
9922
9923
9924
9925
9926
9927
8685
19267
11579
16769
16767
11628
11578
16763
16760
22176
4837
12079
6089
6086
12076
12075
6085
12073
12072
6080
12070
11573
11572
15943
6163
21856
21855
14932
21673
12488
3648
12123
3644
3640
2553
2558
12837
11476
11477
11474
11475
11472
11473
11470
11471
20817
11478
11479
5010
5011
5012
5013
5014
5015
5017
5018
5019
15996
17144
17145
17146
7225
17140
17413
17142
17411
14935
13308
4418
13306
13307
4415
13305
13302
13303
13300
13301
10644
9548
9549
9546
9547
9544
9545
9542
9543
9540
9541
14828
14829
14822
14823
14820
14821
14827
14824
14825
6434
20106
20103
20101
12126
3460
6119
6963
3151
12839
11814
11815
11816
11817
11810
11811
11812
11813
13946
11818
11819
15151
15150
15153
15152
15154
15157
15156
15159
15158
12907
7168
7169
6433
7162
7163
7160
7161
7166
7167
7164
7165
3701
8079
8078
3420
12899
12898
12895
8070
12897
12896
12891
12890
12893
12892
6334
6335
8637
6336
13642
6337
8902
6330
12322
12160
6332
6333
22341
4585
4729
4855
4728
6521
4586
15939
15011
12169
6523
4852
4725
6522
4851
4724
8268
4850
13616
6524
18497
8634
13617
15016
14175
6914
13610
15017
18495
4720
6529
4789
4788
4787
18493
4785
4784
4783
4782
4781
4780
5821
5820
11269
11268
5825
5824
5827
5846
5829
11262
11261
11260
11267
11266
11265
11264
16067
16060
16061
14549
6916
11068
3586
14179
18498
10453
6917
10452
11285
10451
14541
10450
5849
6327
10109
8630
11286
11063
9671
25526
14542
9672
14545
10454
6431
14547
11983
14546
10107
8660
10106
19746
10101
8662
9679
17311
3746
12798
12799
17317
17316
12792
12793
12790
12791
12796
12797
12794
12795
10332
9154
9157
10331
10336
10337
9153
9152
12329
10338
10339
9159
9158
7908
16407
9489
9488
16402
16956
16957
9483
9482
9481
9480
9487
7905
7906
16409
6271
12241
12242
12243
6275
12245
12246
12247
6279
12249
21191
4623
20829
9731
9730
9733
9732
9735
9734
9737
9736
9739
9738
13536
4082
13539
13538
10016
19966
4085
3453
3451
3456
4086
10580
16240
3458
4087
13168
13788
13799
4263
4914
10589
10645
14149
14148
8904
14145
14144
14147
14146
14141
8907
14143
14142
5229
11853
8409
11854
5221
11750
5227
5226
5225
13167
15818
15819
13111
13110
13117
8903
13115
13114
15810
13119
13118
4912
15816
14350
14351
18671
14369
14368
3061
14498
17942
14361
11186
14491
11605
14497
14496
14367
14366
20313
20310
20317
14356
20314
11185
14817
14359
7570
6238
16395
14816
4911
9818
9819
17128
6206
4269
14815
7579
11606
7578
13544
6207
14814
8557
11601
19131
7127
15368
12409
15362
6472
6471
6470
6477
6476
6475
12405
9537
7759
7758
19721
9240
7755
7754
7757
7756
7751
7750
7753
7752
9242
3938
9245
3937
14173
3930
19463
9244
8332
8333
8330
8331
8336
8337
8334
6719
6716
8338
6715
6712
6713
6710
6711
9906
9907
9904
9905
9902
9903
9900
9901
4580
11602
9908
9909
15974
14810
17641
32760
19203
13288
15973
13755
13754
4046
13756
4040
13750
13753
13752
8554
13759
13758
15972
10123
3665
3664
3661
3660
3663
21831
21835
3668
12815
6401
3268
11458
11459
11454
11456
11457
11450
11451
11452
11453
17435
3597
3596
17432
3594
5036
5037
3599
5035
5032
5033
5030
5031
13324
13325
4437
13327
4431
13321
13322
13323
17122
17123
17120
17121
4439
4438
17124
12816
21286
14874
12811
8754
11863
21804
15493
6483
4157
15953
8755
6480
10124
10475
10474
10477
10476
10471
10470
10473
10472
6481
10479
10478
12812
8927
14801
11870
8924
16944
8922
11874
11875
14808
14809
11878
11879
8929
8928
13482
15179
15178
15177
15176
15175
15174
15173
15172
15170
7100
7101
7102
7103
7104
7105
7106
7107
7108
7109
14759
6180
3524
15916
7978
18788
18781
5419
3388
29981
13487
14776
14777
14774
14772
14773
14770
24252
14778
14779
6065
15913
7975
5028
13928
13929
4237
13927
13924
13925
13922
4232
4231
4230
5591
5590
5593
5592
5595
5594
5597
5599
5598
19791
7285
13695
13696
13697
13690
13691
7977
13693
13698
13699
11201
11200
11203
11202
11205
11204
11207
11206
11209
11208
16939
16567
4210
8138
12226
19070
4213
6216
19078
4212
6215
19842
6214
6213
22368
6212
7971
6211
25329
6210
4218
6648
23419
23949
6649
7970
13243
2693
15401
19840
6644
6931
6219
12674
6936
12229
6646
7973
8698
14651
6647
8129
6818
8514
6640
8128
7288
12300
8127
12673
8126
14871
6643
16948
8125
14654
5902
6912
15408
14657
10343
5903
8691
10120
8690
10916
10917
10914
10915
10912
10913
10910
15877
16165
8120
17333
15874
17331
10919
9133
9132
9131
7925
7922
7923
7920
9134
10646
15704
9139
9138
10314
10315
7928
7929
15706
16424
12666
6816
16420
16421
16422
16423
5909
5579
6299
6297
6296
6295
6294
6292
6291
6290
20808
9753
11627
9752
10340
7708
10347
3438
3439
4866
12906
3431
17599
7806
3434
3437
4592
4593
4590
4591
4848
9759
4594
4595
4844
4845
4598
4599
4840
4841
4842
4843
4937
2984
5201
11998
14169
14168
5205
5204
15761
5206
11991
11990
14161
11992
11995
11994
11997
11996
4563
4562
4561
13179
13178
13411
3170
10344
13170
13173
13172
13175
13174
13177
4566
14347
14346
11193
11192
11195
11194
14341
11196
11199
11198
4564
14349
14348
17922
17923
17924
3040
17928
4569
3047
13419
11673
15698
15699
12580
15692
15693
15690
15691
15696
15697
15694
15695
11679
4066
10311
15436
8683
6453
15435
8686
8139
15346
12427
12428
12429
8136
8137
8130
8131
6909
15439
12586
7739
7738
7733
7732
7731
7730
7737
7736
7735
7734
19199
3959
3958
19190
3950
3957
19194
3954
8358
8359
10022
8350
8351
8352
8353
8354
8355
8356
8357
17838
15029
10023
4062
13772
13771
13770
13777
13776
4064
13774
13779
17789
5784
5785
5786
5787
5780
5781
5782
5783
5788
5789
3603
3602
3606
3604
3609
13905
4480
11438
11439
19995
19221
11432
11433
11430
11431
11436
11437
11434
11435
17100
17453
17451
17456
17105
17106
17107
13906
17109
17459
13342
13343
13340
13341
13346
13347
4455
4454
13349
19420
20146
4208
16855
16854
16857
16850
16852
16859
16858
12165
12164
12167
12166
12161
6331
12163
12162
6338
6339
14839
3331
9674
9675
9676
9677
9670
10108
10455
9673
10105
10104
10459
10458
9678
10100
10103
10102
12095
12094
12097
12822
11858
11859
12096
8909
8908
11850
11851
11852
8906
8901
11855
11856
11857
6062
6063
16586
7956
7128
7129
7126
4079
7124
7125
7122
7123
7120
7121
4964
12099
12168
12098
4075
7955
1662
4070
2607
7959
4072
3386
5415
3384
5417
5410
5411
5412
3967
14754
14755
14756
14757
5418
14751
14752
14753
13904
4214
4217
13907
13900
13901
13902
13903
13908
13909
18105
18104
18107
18108
5389
5578
5577
5576
5575
5574
5573
5572
5571
5570
14471
14470
10787
14473
10786
11112
14475
4525
13878
14474
11117
11229
11228
11227
11226
11225
11224
11223
11222
11221
11220
19058
10788
12900
19051
5121
22307
4204
9535
23433
23432
16629
16198
16628
16627
16194
16195
16624
16197
16190
16623
16192
16193
11928
12203
6109
6108
12756
12757
12754
12755
6103
12753
12750
6100
10938
10939
10934
10935
10936
10937
10930
10931
10932
10933
9119
9118
16996
16990
16991
9449
9448
9111
9110
9445
9444
9115
9114
9441
9440
12284
12285
16448
12287
12280
12281
21158
13233
16443
16440
16441
16446
16447
16444
16445
9530
12328
12758
12759
6107
6106
13235
6105
21484
14220
6104
18846
12752
14222
3416
12824
21378
14223
3412
6101
3410
8023
14952
21370
12751
8532
14953
8021
8534
14227
8535
10664
13488
4868
10667
10660
8024
10662
10663
13481
13480
13483
8537
10668
10669
4864
13486
18481
14103
18216
14105
14104
14107
14106
14109
14108
12948
17714
17717
5619
18213
17713
17712
13157
13156
13155
13154
13153
13152
13151
13150
13159
20686
10592
10593
10590
10591
10596
10597
10594
10595
10598
10599
15650
16994
5611
18668
9034
16995
7019
18661
18663
17908
7016
41482
20420
15483
17901
17902
17904
9038
17907
9039
16992
7012
16993
10254
9447
7010
9446
10256
9113
9112
9443
9442
12990
12991
12992
12994
9117
12996
12997
12998
12999
9116
12943
19901
16449
14813
12282
12283
8118
8119
6929
6928
13376
6925
6924
8110
6926
8116
6920
8114
8115
7711
7710
7713
7712
7715
7714
7717
7716
7719
7718
8231
13372
11124
4460
13370
8376
8377
8374
8375
8372
8373
8370
8371
8378
8379
24427
6527
9800
17683
9573
11127
7592
13719
4009
9572
4000
13710
13713
13712
4004
13714
13717
13716
19421
3970
3973
3972
3974
3977
19428
4282
8140
13992
19861
3620
3623
3624
3627
3626
4286
6528
11410
11411
11412
11413
11414
11415
11416
11417
11418
11419
13994
15794
9430
16298
16293
4288
16291
15792
8142
4289
15791
6446
17471
17473
17477
13368
13369
9431
4471
4470
13362
13363
13364
13365
13366
13367
9026
4769
6889
2461
2463
11044
9073
16873
6445
16877
4542
7686
16879
22242
12143
6313
12141
12140
12147
6317
12145
6315
8530
6318
12148
3413
6442
3411
9652
10438
9650
10128
9656
9309
9654
9655
10431
10430
10121
9307
9300
10126
9302
10436
18872
8969
8968
8963
8962
8961
8960
8967
8966
8965
8964
11040
9455
8533
6258
6441
6443
8236
14345
8094
9457
4367
18294
18291
18298
14997
2805
5432
13489
5430
14739
5436
5437
6326
14732
3365
9450
5439
14736
6325
14343
14735
6324
10620
6322
6323
13692
10661
13962
13963
4271
4270
13966
13967
13964
13965
9451
13968
12171
5555
5554
5557
5551
5550
5553
5552
5559
5558
4861
9452
13485
13484
8589
13661
15570
6329
4751
8581
8580
8583
8582
8585
8584
8587
8586
4753
9453
15575
14100
14340
4754
8278
4755
5883
5882
5881
5880
5887
13667
5885
5884
11049
18484
12420
5888
8275
15584
6554
15064
6556
6557
6550
6551
15063
6553
14572
18487
15069
6559
8272
16012
11048
12421
5876
16014
5874
16016
14558
14559
12422
11293
23980
5878
23457
11291
7927
7504
7505
9885
7507
7500
7501
9881
9880
10448
4194
7508
7509
9889
10449
16604
16605
16606
16607
16600
16601
16602
16603
14556
16609
3101
6125
12775
6127
12777
6121
6120
12772
12773
14555
12778
12779
10115
15976
10440
15975
8092
10441
12425
10958
10959
9669
10952
10953
10950
10951
10956
10957
10954
10955
16461
18235
16463
16465
16467
16469
8674
4853
12426
15520
13522
4608
4632
13520
4630
15979
13526
14926
21352
13524
21356
4092
4634
13780
16231
16722
4097
13158
16721
13787
4801
4802
4803
4805
4806
4807
4808
4809
13785
2789
20813
9465
11604
11607
9466
10606
10607
9463
9462
10608
10609
9469
9468
11959
11958
14129
14128
11955
11954
11957
11956
14123
14122
14121
14120
17732
17731
15524
17735
17739
4414
15415
8790
9610
9793
9792
15525
9790
9797
9796
9795
9794
9799
9798
8791
14388
11319
18603
14381
14380
14387
14386
14385
14384
15526
20402
20401
20404
4906
5739
8416
11310
8793
12543
15658
12979
15656
15657
15655
12972
12973
12970
12971
7081
7080
7083
7082
7085
7084
7087
7086
7089
7088
7584
7585
6495
8171
8172
9804
15380
15381
8176
6492
8178
9803
6499
6498
9802
6949
15479
8163
9801
6943
6942
6941
15471
15476
6946
6945
6944
8162
4021
7352
8398
8399
8394
8395
8396
8397
8390
8391
8392
8393
8161
15715
4398
4399
4390
4391
4392
4393
4394
8900
4396
4397
3191
9417
10037
15417
13737
13736
13735
13734
13733
13732
13731
13730
13739
13738
11380
11381
11382
11383
11384
11385
11386
11387
11388
11389
8166
3999
3998
3994
3993
15441
12150
8552
15440
23841
15714
4028
14577
14999
15410
4029
6197
8097
12524
8040
8095
7867
7866
7865
12526
7863
7862
7861
7860
8093
8556
7869
7868
16819
16818
15203
16811
16810
16813
8090
16817
16816
6378
6379
4144
6370
12120
6372
6373
12125
12124
12127
6377
10141
10140
10143
10414
10413
10412
10411
10146
10149
15209
10419
10418
9638
9639
9328
9329
9630
9323
9632
9321
9326
9635
9636
9637
8941
8940
8943
8942
8945
8944
8947
8946
8949
18856
18855
18852
15863
8555
3853
5407
5406
3851
16431
15862
5109
5402
5182
3206
5180
5181
3203
5187
5184
5185
5188
5189
14720
10369
9183
7357
13729
10172
14246
14247
14244
14713
14242
14727
14240
14717
14718
14719
14726
8047
14249
5459
3348
3349
5450
3343
5452
5453
5454
5455
3344
3345
9188
10362
4259
4258
16902
13940
13941
13942
13943
13944
13945
4257
13947
5533
5532
16900
5537
5536
5535
5534
5539
5538
18144
18146
7201
16908
13970
10232
16577
4264
23616
13974
6572
15042
15041
15040
15047
15046
6574
6575
15049
6579
12211
7694
7695
7696
6221
7690
7691
7692
7693
16571
7698
7699
12216
3836
3830
6224
3832
12214
15887
3839
12219
16375
12218
6659
6658
7522
7523
7520
7521
7526
7527
7524
7525
15418
7528
7529
15419
16662
16663
16660
6654
16666
14867
6653
16669
14640
12663
6143
12713
6141
6140
12716
12717
12714
12715
14646
12718
6148
6927
18896
10970
10971
10972
10973
10974
10975
10976
10977
10978
10979
14645
8117
16171
6923
15413
14648
16177
16489
16175
16483
16480
16481
19309
16178
10509
16179
9763
16746
11595
11594
11597
11596
11591
11590
11593
11592
11599
11598
3201
9714
17283
17282
17281
17280
17287
17285
17284
17534
17537
17536
17531
9768
17532
9769
13449
13448
4828
4829
13445
4535
13447
13446
13441
13440
13443
4533
10628
11622
11621
9400
9407
9406
11625
7987
7988
10621
9409
9408
10624
10625
10626
10627
11979
11978
11973
11972
11971
11970
11977
11976
11975
11974
17759
18942
8164
17755
13075
8926
13199
13198
13193
13192
13191
13190
13197
13196
13195
13194
19879
15885
8925
13429
4559
13427
18817
13426
4554
7324
7325
7326
7327
10088
10089
7322
7323
10084
10085
10086
10087
10080
10081
10082
10083
18444
18443
4551
12954
15675
12956
15677
12950
12951
12952
12953
16621
15678
12959
8225
5890
8850
7069
11239
7067
7066
7065
7064
7063
7062
7061
7060
17430
18628
10400
12482
15907
12480
15905
6965
6964
8158
12485
6969
6968
8154
8627
8620
8153
8622
8151
11230
11231
18816
7221
18762
17587
9988
9989
9986
9987
9984
18094
9982
9983
9980
9981
14505
11024
11027
14506
14501
11020
11023
11022
11029
11028
18607
17581
11368
11369
11366
11367
11364
11365
11362
11363
11360
11361
19173
12873
7224
8807
14365
5271
19283
19285
19286
5273
17945
10402
6688
6689
6680
6681
6682
6683
6684
6685
6686
6687
7228
16797
16837
19824
16346
7849
7848
16343
16830
7845
7844
7847
7846
7841
7840
7843
7842
12107
12106
6354
6355
12103
6353
12101
12100
12109
12108
9340
9617
9614
9615
9612
9613
9346
9611
9348
10166
10165
10164
10163
10162
10161
10160
21703
21702
23426
14888
14889
6076
14880
14881
14882
14883
14884
14885
14886
14887
12085
6073
12406
4008
9247
12080
13718
6070
14080
14081
14082
14083
14084
14085
14086
14087
14088
14089
12407
3224
3226
3222
13276
13277
13274
13272
13273
13270
13271
6078
9631
4002
13278
13279
40308
13715
2843
4005
5477
5474
14268
5473
5470
5471
14264
14265
14266
14267
14260
14261
5478
14263
12424
20070
19601
5042
18165
13711
5519
14469
5511
5510
5513
5512
5514
5517
5516
7347
15468
11102
17046
10798
3036
10799
11101
10028
23677
3628
11106
10029
3173
11107
10794
10795
14465
10024
6518
6519
10797
15590
15021
6511
15023
6513
15025
6515
15027
15026
4001
15592
7348
15595
10021
11600
3812
3810
23499
3817
3818
15596
8457
8456
8455
8454
8453
8452
8451
8450
15622
8459
8458
7548
7549
7540
7541
7542
7543
7544
7545
7546
7547
16649
19348
16138
16139
16136
16137
16134
16643
16644
16133
16130
16131
6169
12739
12730
6160
12732
6162
12734
12735
12736
12737
10998
10999
10996
10997
10994
10995
10992
10993
10990
10991
7349
4006
6138
12768
12337
4007
5604
6670
6371
12589
5202
6132
14675
12588
9033
12761
6131
13185
9771
12766
8523
6134
8522
17512
15462
17510
17517
12581
17514
13469
13468
13463
12855
4510
13460
14269
13466
13465
4515
11649
9428
12872
12585
9421
11640
11643
9422
9425
9424
9427
9426
5289
5288
17775
14784
5281
5283
5282
5287
6561
6400
15638
21394
15467
21392
16290
21398
20914
16476
15639
10242
11641
9024
12454
9027
7302
7303
7300
7301
7306
7307
7304
7305
9285
7005
9287
7309
9281
9280
9283
9282
11911
11910
11913
11912
11915
11914
11917
6407
11919
11918
10245
12932
15613
15610
12931
12936
12937
12934
15615
12938
15619
7045
10207
7047
10205
10202
7040
10200
7042
9475
7049
7048
10208
10209
18398
18399
18391
18392
18395
18396
18397
8608
8609
15928
15929
6989
6988
8602
8603
8600
8601
8606
6982
8604
6980
13360
14695
14694
14697
14696
14691
14690
14693
14692
2983
4475
14699
14698
4474
9106
4477
11009
14262
16427
6408
9107
4358
4359
4356
4357
4351
4353
11003
11002
11001
11000
11007
14526
11005
11004
14529
11008
8026
14305
11344
11345
11346
11347
11340
11341
11342
11343
11348
11349
19112
5708
5709
19119
15328
5706
5707
5700
5701
14294
6424
15334
6491
15337
6427
6420
12450
15780
15333
14019
15781
12452
15782
6892
4294
15784
13986
15785
13987
15786
6428
15787
12458
16587
6899
16582
16581
16580
4292
16588
12697
12696
12695
12694
12693
12692
12691
12690
12699
12698
10835
10834
10837
10836
10831
10830
10833
10832
10839
10838
14297
9264
7829
7828
16367
16365
16364
7823
7822
7821
7820
7827
7826
7825
7824
3400
17188
3056
17182
17183
17186
9368
9369
9366
9367
9364
9365
9362
9363
9360
9361
8985
8984
8987
8986
8981
8980
8983
8982
14013
5358
8989
8988
3798
9269
3797
3791
4981
4980
4983
4984
4987
4986
4988
14068
14069
14066
14067
14064
10600
14062
14063
14060
14061
12439
3243
16874
9342
13258
13259
13254
13255
13256
13257
13250
13251
13252
13253
18985
14208
14209
5498
5499
3150
3309
5494
14203
5496
14201
14206
14207
5492
14205
6312
12142
9344
6310
10612
6316
6975
12146
18189
6314
12144
13678
18183
10619
4748
13493
18889
12149
14567
6319
8242
11046
5257
14565
4743
14564
4742
15568
13670
14562
13671
18351
13676
18021
14110
23123
12121
8291
8290
6534
15004
6532
15550
8297
6531
8299
8298
4744
15559
8792
6538
6539
15566
8241
15560
8795
16001
8244
16006
8245
16007
3878
3879
3870
3871
3872
3877
8479
8478
5864
8475
8474
8477
8476
8471
8470
8473
8472
7566
10439
7564
7565
7562
7563
7560
9653
10129
7568
7569
9651
9308
5862
9657
16500
17700
19320
19327
9304
15319
10122
15562
9658
13896
13897
13894
13895
13892
4162
4161
4160
10127
13898
10434
18903
10125
15563
9303
15966
4069
15967
8646
22740
22747
15405
18882
16228
16114
19635
5935
16229
5933
5932
5931
16113
4731
16118
16119
5939
5938
17570
17573
17574
17577
3499
3495
3492
13401
13400
4572
4574
13404
13407
4577
13409
13515
8423
11667
11666
11665
13514
11663
11662
11661
11660
4602
11669
11668
13511
4601
17799
17795
17794
17797
9787
5215
17792
15409
11308
18885
11309
8124
20936
12556
11300
9017
5749
15716
7368
7369
13769
7360
7361
7362
7363
7364
7365
7366
7367
12316
12317
12314
12315
12312
12313
12310
11938
11937
11936
11935
11934
18404
11932
11931
11930
12918
12919
11026
12910
12911
12912
12913
12914
12915
12916
12917
9007
9006
9005
9004
9003
10229
9001
7024
10224
10225
10226
10227
10220
10221
10222
9008
11021
24032
5446
9832
11149
9833
8009
9830
15942
9836
15940
15947
15945
7799
7798
9834
7791
7790
7793
7792
7795
7794
7797
7796
15611
4280
6422
6092
15711
14324
3845
4372
4373
4370
4371
4376
4377
4374
4375
11069
14548
14327
11061
11060
14543
11062
11065
11064
11067
11066
15494
8661
8005
15497
8664
15491
8666
8667
8668
8669
17896
15499
17894
4080
13790
13793
13792
13795
13794
13797
13796
4088
13798
11322
11323
11320
11321
11326
11327
11324
11325
11328
11329
4284
5728
5729
5722
5723
5720
5721
5726
5727
5724
5725
14320
13607
11498
11499
23825
11490
11491
11492
11493
11494
11495
11496
11497
8084
8085
8086
8087
8081
8082
8083
8088
8089
14322
6429
8002
18724
12446
9207
16568
16565
16564
19799
16566
16561
16560
16563
16562
12679
12678
12675
6645
12677
12676
12671
6641
6642
12672
10813
10812
10811
10810
10817
10816
10815
10814
10819
10818
7801
7800
7803
7802
7805
7804
7807
12537
7809
7808
12444
12534
16309
16308
12535
16301
16300
16303
16305
16304
16307
12533
6398
6399
15210
15087
6392
6393
6390
6391
6396
6397
6394
6395
6638
13817
15645
15218
12964
21210
15219
15646
15641
12960
15643
4969
4968
4966
4965
15642
4963
4961
4960
14044
14045
14046
14047
14040
14041
14042
14043
14048
14049
7095
5128
5129
3267
3269
5125
5126
5127
5120
15915
5122
5123
9191
7945
5435
7946
15547
3364
13238
7947
14733
13232
7940
13230
13231
13236
13237
13234
9194
14956
14221
14954
14955
14224
14225
14226
14951
14228
14229
18217
9196
18210
14958
14959
12541
10376
14734
9198
12521
5220
10375
7948
10373
10370
7239
17338
16036
6887
6884
6885
6882
6883
6880
6881
12874
6888
15798
6630
15543
17553
14321
12527
4272
13960
15573
15571
8106
15577
15576
8279
15574
8277
8276
15579
15578
8273
16093
8271
8270
10772
15541
16540
4275
9514
16095
4274
9517
12520
16094
10771
6239
16544
4279
10777
13969
10774
9512
12659
6235
8419
8418
6234
8413
8412
8411
8410
8417
12206
8415
8414
15469
6236
7588
7589
9809
9808
9807
9806
9805
7587
7580
7581
7582
7583
12653
6489
12202
18127
12523
12651
12650
9197
6666
6667
4472
15461
6664
6636
6951
14857
12654
6952
14856
13982
15390
4149
4148
15424
4145
15465
4147
4146
4140
4143
15464
3856
14677
3854
3852
6484
3850
14676
6957
11827
3858
14674
11821
19668
10379
11820
11823
14670
5962
5963
32383
19652
19301
19651
5919
5918
19655
5914
5917
5916
5911
5910
5913
5912
15421
19515
17228
19514
17225
17556
15730
17226
17221
17220
17222
10512
19516
4558
13428
4556
19511
13425
13424
13423
13422
13421
13420
10511
11689
11688
8588
11685
11684
11687
11686
11681
11680
11683
11682
9773
17541
10515
14490
8866
10776
9616
20629
14980
20623
8864
17545
14982
14985
17231
4549
16794
16795
16793
16790
4548
8861
16798
12086
12087
12084
6074
12082
12083
6071
12081
13087
12088
12089
18959
2611
20481
7346
13430
7344
7345
7342
7343
7340
7341
10026
10027
10796
10025
10790
10791
10020
10793
15737
13433
13434
13435
12338
12339
12334
12335
12336
4546
12330
12331
12332
7009
7008
10248
10249
9029
9028
7001
10243
7003
10241
10246
9020
10244
9022
18683
18681
18684
18689
21531
22888
5886
2949
2948
9125
2944
5889
5357
5356
5355
5354
5351
5350
23630
4310
4311
4312
4313
4315
4318
11047
14566
11045
15066
11043
11042
11041
14560
15061
14569
18029
6552
3118
3117
15062
3110
15960
15962
15963
15964
15965
8648
8649
15968
8647
8644
8645
8642
8643
8640
8641
15537
19732
6558
15068
5740
5741
5742
5743
5744
5746
5747
5748
11301
11302
11303
11304
11305
11306
11307
12731
9126
17874
15605
5267
14188
3183
15672
12536
15217
15214
15215
15212
15213
12530
12531
3188
12538
12539
15438
12492
15399
16098
16549
14187
16543
16542
16541
5268
16547
16546
16097
16096
6668
12658
6662
12652
6660
6661
12657
12656
12655
6665
10879
10878
10871
10870
10873
10872
10875
10874
10877
10876
16891
16890
16893
16892
16323
19510
16896
16329
16328
21057
14849
14632
4945
4944
4947
4946
4941
4943
4942
4949
6047
15393
14020
14021
14026
14027
12077
14025
14028
14029
4019
17057
5108
11394
17052
17050
17051
5102
5103
5100
5101
5106
3282
5104
5105
13210
13211
13212
13213
13214
13215
13216
18377
13218
13219
11312
14455
4013
14326
10499
10498
10497
10496
10495
10494
10493
10492
10491
14452
14798
14799
4010
14978
14979
18233
14791
14792
14977
14794
14795
14972
14797
20010
20544
13704
20016
13705
9887
14024
17784
9886
6617
7506
9884
4555
14459
15397
9883
18379
9882
7502
6616
7503
4552
6868
6869
15396
6864
6865
15777
6867
6860
15770
15773
6863
7351
7350
9580
4553
10018
15395
3026
7355
9888
7354
8255
8254
8257
8256
8251
8250
8253
8252
8259
8258
15519
9234
8789
8788
15060
10012
8783
8782
15513
15512
15515
9588
15517
15516
9589
7618
7619
7614
10017
7616
7617
7610
7611
7612
7613
10015
4456
9233
8431
8430
8433
8432
8435
8434
8437
8436
8439
8438
9142
9825
9824
9827
9826
9821
9820
9823
9822
9829
9828
12774
15589
6124
9143
15343
16024
12776
6126
15296
12770
12771
8516
9140
12595
16025
6122
12596
8043
15297
8512
12591
4128
6152
8510
16026
4123
4122
4120
4127
4126
6128
4196
5689
5688
5685
5684
5687
5686
5680
5683
5682
6153
13864
15295
13458
4190
23787
11519
11518
11515
11514
11517
11516
11511
11510
11513
11512
16158
16159
5979
5978
5973
5972
5971
10490
5977
5976
5975
5974
17203
17202
13431
17207
17206
15293
17204
9145
15290
14790
14975
14976
14845
18230
6269
15291
8923
14796
36096
14973
6058
6159
6054
6057
6056
6051
6050
6053
6052
10004
10005
10006
10007
10000
10001
10002
10008
10009
16901
9599
9598
9229
9228
9227
9594
9225
9224
9591
9590
9593
9220
9226
16143
14571
12358
12359
12352
12353
12350
12351
12356
16496
12354
12355
10260
10261
10262
10263
10264
10265
10266
10267
10268
10269
9049
9048
9043
9042
9041
9040
9047
9046
9045
9044
3545
3546
3547
3543
12615
6386
13889
16043
16140
2965
2961
2960
13378
15530
5379
5378
5375
5374
5377
5376
5371
5370
5373
5372
13004
13007
13006
13001
13000
13003
13002
13009
13008
19691
4336
4337
4334
4335
4333
3137
14589
3130
14585
14584
14586
14581
14580
18003
20205
20207
17856
17855
17852
17851
18457
15989
7321
15984
15983
15980
15981
18456
5768
5769
5766
5767
5764
5765
5762
5763
5760
5761
15187
15184
15185
15182
15183
15181
16381
15188
15189
18455
15085
8192
12447
6435
15325
14974
9305
8196
8197
12518
12519
16383
15234
12515
15236
12517
12510
12511
12512
15233
7427
7426
7425
7424
7423
7422
7421
7420
15779
7429
7428
16523
16522
16524
16527
16528
6600
12630
12633
12632
12635
6605
6606
12636
12639
6609
6438
6866
10857
10856
10855
10854
10853
10852
10851
10850
15771
10859
6861
6862
16203
16214
19532
19530
14151
19534
19539
7328
9301
12189
12188
12187
12186
12185
12184
12183
12182
12181
12180
4571
7329
21786
17690
3739
3738
3737
3735
3734
3732
3730
4923
4922
4693
4920
13584
4926
6737
13587
13588
13589
4928
11726
11727
11724
11725
11722
11723
11720
11721
16388
9413
11728
11729
5160
5161
5162
5163
5166
5167
14000
14001
14002
14003
14004
14005
14006
14007
15446
17078
17079
17071
17073
4776
15580
4777
2782
4775
9698
9699
9696
9697
9694
9695
9692
9693
9690
9691
14918
14919
4770
14910
14911
14916
14917
14914
10706
20567
16327
10602
14678
10603
9467
8817
10601
13649
15752
6309
16326
4779
9460
11603
10605
10704
6305
15759
6849
15751
12155
6842
6843
6840
15750
6846
15756
6844
15754
14570
6306
15270
15518
11609
14714
18011
11608
18251
13518
11053
12152
18258
15271
12153
14575
6590
6591
15535
8230
15533
6595
15531
8234
6598
6599
8239
18014
18214
15539
15538
14578
14579
8781
9942
7638
6584
7632
7633
7630
7631
7636
7637
7634
8786
14127
16322
8785
18310
14126
8784
14125
15273
14124
11951
16038
11950
9843
9842
9841
9840
9847
9846
9845
9844
4436
9849
9848
10629
6672
16034
5814
16032
3092
16031
17340
7615
15275
5817
16741
16008
13437
19034
9317
16742
4105
4104
4107
9316
15276
4108
9647
26436
16744
10421
16747
9164
9641
19930
9312
3899
9311
15277
3893
6987
10425
3896
3897
14456
18418
13416
15278
19939
18866
17341
18867
5951
4619
11539
5952
5955
5954
5957
5956
11533
8655
11531
11530
11537
11536
11535
11534
22860
18317
4611
6678
13501
17224
13502
14453
13503
4615
9791
4614
18512
13506
14078
17083
12552
9162
15653
18027
16166
10622
6981
17260
6039
6038
17265
17264
17267
17266
9163
6032
6031
6030
14450
6036
6035
6034
9205
10063
10060
9206
10066
10067
9203
10065
10068
10069
9209
9208
2655
7388
7389
7382
7383
7380
7381
7386
7387
7384
7385
12370
12371
12372
12373
12374
12375
12376
12377
12378
12379
14382
9061
9060
9063
9062
9065
9064
9067
10289
10286
10287
10284
10285
10282
10283
10280
10281
17485
17484
3560
17486
18514
3564
3565
13352
3569
17489
17488
4484
13394
4486
4487
13391
4481
4482
13392
17089
4488
13398
18515
2906
13355
2908
11883
11882
11881
11880
14619
11886
11885
11884
14615
14614
14617
11888
14611
14610
14613
14612
5319
5318
20191
5312
5311
5310
5317
5316
5315
5314
13023
13022
13021
13020
13027
13026
13025
13024
13029
13028
15010
11089
11088
17870
17871
17873
11083
11082
11081
11080
11087
11086
11085
11084
20222
10648
20228
14458
29845
13359
10649
22563
15012
4657
15013
16408
3033
9419
15014
8574
8575
8576
8577
8570
8571
8572
8573
8578
8579
12578
15259
15015
15252
12573
15250
12571
15256
12577
12575
7409
7408
7405
7404
7407
7406
7401
7400
7403
7402
4650
19080
19739
16507
16505
16056
16503
16050
16053
16052
22683
6628
12618
12617
12616
6624
12614
12613
12612
12611
6621
26591
8811
15703
15018
12503
12502
19555
19886
14553
10640
12298
15019
12506
4714
13624
4716
4717
13621
12505
13623
4713
15224
4718
13628
11766
14704
14251
15229
14250
3714
3711
12978
3713
15357
15659
3719
3718
12976
17678
12977
8189
17674
4124
4909
12975
4679
13569
4677
15652
13564
4674
4905
13563
13560
13561
11708
11709
11704
11705
11706
11707
11700
11701
11702
11703
15355
5149
5147
5144
5145
5142
5143
5140
5141
17018
20768
10725
17013
17011
17016
17017
17014
7957
10698
7017
10349
5425
10348
9168
7952
15353
7951
7014
7950
5420
10691
3371
10690
10341
15352
7247
7246
7245
7244
7243
7242
7241
7240
7015
10695
16553
7249
7248
10345
7958
15351
15731
6821
6822
6823
6824
15734
6826
6827
6828
15738
15889
15888
10545
10544
10547
10546
10541
10540
10543
10542
15350
10549
10548
12644
6135
3387
6677
14282
14283
8815
14933
8813
8812
14284
14937
14938
6671
14288
18274
18273
18272
8819
8818
8219
8218
6673
15089
8748
8747
8746
8213
8744
8743
8742
8741
8216
7650
7651
7652
6496
7654
7655
7656
7657
7658
7659
5804
16966
6490
12279
6493
6961
12278
16086
8177
12649
10405
8179
4245
9566
4242
9567
14412
4243
9869
9868
4240
9569
9861
9860
9863
9862
9865
9864
9867
9866
14426
11147
11144
11145
11142
11143
14420
11141
15478
11148
12274
6948
10588
13353
12276
6962
14669
18569
16820
15472
13818
13819
13816
5384
13814
13815
13812
13813
13810
13811
NULL
5386
6947
5387
15359
15477
5388
15474
14661
19166
14662
17885
11835
14840
15358
13109
14665
11551
11550
11553
11552
11555
11554
11557
11556
11559
11558
6967
14843
11949
5970
14554
19675
16156
16157
11845
16331
18153
16334
16887
16885
8871
8870
13516
14990
10604
16266
16267
16264
14991
16262
17205
16260
4519
16269
6010
6013
6012
6014
6017
6016
6019
6018
14995
17248
17245
17241
17240
10048
9262
9261
9260
9267
9266
9265
10739
10040
10737
10042
10735
10732
10045
10730
10047
12398
12399
12396
12397
12394
12395
12392
12393
12390
12391
9089
9088
9087
9086
9085
9084
9083
9082
9081
9080
21597
3508
5089
5088
38532
3500
5082
5081
5080
5086
5085
3507
4512
2928
16226
6273
5331
5330
5332
5335
5334
5337
5336
5339
5338
14631
14630
14637
14636
14635
14634
13049
13048
13041
13040
13043
13042
13045
13044
13047
13046
18040
15076
15077
6545
17812
17813
17810
17811
17815
3171
15072
17818
17819
3177
3176
16225
6274
18952
6540
20245
11826
6549
17747
6548
6276
18338
14198
12550
12807
8550
12553
12802
12555
12800
12801
12558
15279
8558
8559
8000
8001
12808
8003
9568
14479
5255
7469
7468
7463
7462
7461
7460
7467
5258
7465
7464
16079
16078
14478
16073
16071
16077
16076
14197
10899
10898
15820
10893
10892
10891
10890
10897
10896
10895
10894
14737
11904
4686
4687
4416
13595
4933
13593
13603
4026
4730
13600
4736
4737
4734
4735
13609
13608
6651
5854
5855
5856
5857
5850
5851
5852
5853
6118
5858
5859
4023
17654
3772
17656
3777
3776
3775
17653
3779
3778
4655
4654
13546
4656
7033
13541
13542
4652
4689
13548
17387
17385
14866
11734
16949
7889
7888
11768
11769
16385
16384
16387
16386
7881
7880
11760
11761
7885
11767
7887
11765
17031
17033
17034
17036
17038
17129
18336
14440
14337
14334
7036
11738
14443
14444
4410
15796
14333
11126
18307
14447
10387
10386
10385
10384
10383
10382
10381
10380
10389
10388
16925
16926
7269
16920
16923
16922
7265
7264
7267
7266
7261
7260
7263
7262
12235
6205
12237
7514
12231
6201
6202
6203
15134
6208
12238
10858
15869
6808
15718
6806
15864
6804
6805
15861
6803
6800
6801
9744
9745
10561
10560
10567
10566
9742
10564
10569
10568
9748
9749
19156
19151
8839
8838
8835
8834
8837
8836
8831
8830
8833
8832
18028
16670
9595
19376
7678
7679
7676
7677
7674
17972
7672
9597
7670
7671
9596
9223
16676
9222
15790
9221
9592
18956
15038
17470
6150
8722
11168
14409
12700
14404
11165
11166
11167
11160
11161
11162
11163
8765
8764
8767
8766
8761
8760
8763
8762
12705
8769
8768
12704
13834
12877
13836
13837
13830
6156
13832
13833
12706
13838
13839
12709
8502
12708
8057
10240
8504
8055
5629
5628
5627
5626
5625
8054
5623
5622
5621
5620
8493
8492
8491
8490
8497
8496
8495
8494
8499
8498
4183
5736
13873
11864
13874
4184
5995
5994
5997
5996
5991
5990
5993
5992
11577
11576
11575
11574
5999
5998
11571
11570
19388
10484
19382
10960
18076
12357
22272
5660
10247
25050
10665
6781
6780
6782
6785
6784
6787
6786
6789
6788
10666
5732
16248
16718
15031
16244
16717
16246
16247
19960
16710
15378
12008
12009
12006
12007
12004
12005
12002
12003
12000
12001
26387
9249
9248
9539
9538
9241
9536
9243
9534
9533
9532
9531
9246
15037
12403
3698
3699
6350
3690
3691
3692
3694
3695
3696
3697
6351
16490
3527
3595
3522
4015
16492
3529
18729
4670
10714
10715
10716
10717
10710
10711
10712
10713
10718
10719
14875
14650
14877
14652
14655
14870
14873
14872
14659
14658
14878
13067
13066
13065
13063
13062
13060
13069
13068
12400
18718
18719
18715
18716
18713
6656
20266
17830
17835
20269
16361
15372
4537
15375
19344
7884
7199
7198
7193
7192
7191
7190
7197
7196
7194
12473
6403
19345
15311
8538
8539
8028
8029
12828
12829
15298
15299
8022
8531
8020
12827
15292
8027
8536
8025
7441
7440
7443
7442
7445
7444
7447
7446
7449
7448
10423
15314
2267
17721
2265
12479
12478
6879
15376
10420
6878
15766
15239
16895
15767
22394
13993
4283
13991
13990
13997
13996
13995
4285
15762
13999
13998
6872
16894
15760
6870
22026
10426
15323
12117
13555
13669
13668
10427
4750
13660
13663
13662
13665
13664
4756
13666
5872
5873
11298
11299
16015
5877
6619
5875
11292
16018
11290
5879
11296
11297
11294
11295
10424
17633
17636
17634
3751
3750
3752
3755
3754
3757
19567
4633
13523
4631
13521
4637
13527
4635
13525
7590
4639
13529
11740
11741
11742
11743
11744
11745
11746
11747
11748
11749
6940
18227
19235
19597
19596
19593
20723
20728
13298
13299
4810
13290
13291
13292
13293
13294
13295
13296
13297
13650
14660
4763
6194
6195
6196
4762
6190
6191
6192
6193
4765
6198
6199
4764
2737
4767
4766
9186
9187
9184
9185
9182
10368
9180
9181
10365
10364
10367
10366
10361
10360
10363
9189
12129
7209
7208
4338
11617
7203
7202
16909
7200
7207
7206
7205
7204
12213
12212
6220
12210
6226
6227
12215
6225
9414
6228
6229
9415
15849
15848
11610
15843
15842
15841
10638
15847
15846
15845
15844
9762
10508
9760
9761
9766
9767
9764
9765
10501
10500
10503
10502
10505
10504
10507
10506
18010
12122
6375
8859
8858
6376
8853
8852
8851
11619
8856
8855
8854
10417
10416
10415
17552
18004
10142
10145
10144
5274
5275
5276
5277
5270
10147
16029
10410
5278
5279
14130
13451
14131
14582
14132
13318
10228
11942
10319
11943
9286
18367
18361
14136
18363
18362
14137
18369
5801
19025
11108
11109
17990
14462
11103
11100
14461
14466
14467
11104
11105
15591
8702
8701
14495
8707
8706
8705
8704
15599
6253
8709
8708
13852
16200
13850
13851
13856
13857
13854
13858
13859
5605
9322
5607
5606
5601
5600
5603
5602
19252
5609
9320
16205
4690
9633
4534
8605
9634
9327
9324
19929
16928
9325
12670
9493
6250
10683
23703
12455
15058
12457
12456
12451
6421
12453
6423
12459
15338
10680
15598
8948
16675
6256
4694
16674
6769
6768
6767
6766
6765
6764
6763
6762
6761
6760
9977
9976
9975
9974
9973
9972
9971
9970
9979
9978
16736
16737
16731
16732
16733
16738
16739
12024
12025
12026
12027
12020
12021
12022
12023
19902
15054
16220
16221
12028
16227
4649
6797
9016
23578
15056
14518
15313
13217
14519
17174
17177
17171
17173
5048
5047
5046
5045
5044
17178
5041
5040
9515
10773
10770
9516
9511
9510
9513
10775
10778
15310
9519
9518
14853
14852
14851
14850
11829
11828
14679
14854
11825
11824
14859
14858
14673
14672
14671
11822
15317
10059
13089
13088
13085
13084
16479
13086
13081
13080
13083
13082
0
15316
19224
5183
20847
18770
18777
3204
15315
5186
4291
10196
10197
10194
10195
10192
10193
10190
10191
21912
10198
10199
10056
4745
10055
15108
15109
15107
15104
15105
15102
15103
15100
15101
2833
9025
18087
18080
7980
12594
8517
8042
12597
8044
8513
8046
8511
8048
8049
12598
12599
8518
8519
10053
12848
12849
12842
12843
12840
12841
12846
12847
12844
12845
33736
15318
14666
7982
7576
10156
7983
10510
11464
18504
10157
13647
13646
13645
13644
13643
7985
13641
13640
15238
6037
4778
13648
14710
14711
15669
2700
5818
5819
14245
19029
16039
15235
16037
5811
5812
5813
16033
12516
19023
14243
17618
10354
15237
14716
4889
17346
15230
17344
14241
17615
17616
15231
13508
4618
15662
13500
4610
4613
4612
13504
13505
4617
13507
15211
12946
12945
15664
4883
4884
4885
11872
6116
16693
16692
16691
16697
16694
7960
7961
17409
10443
17156
2717
9178
3347
10699
7220
7223
7222
7953
9169
7227
7226
7229
9165
9166
9167
9160
10346
10697
10696
16969
16968
10681
6921
16961
10686
16963
16962
16964
10687
6248
6249
9171
12271
12270
6242
12272
12275
6245
12277
6247
10527
10526
10525
10524
10523
10522
10521
10520
10529
10528
9708
9709
16090
15306
9700
9701
9702
9703
9704
9705
9706
9707
14992
12631
8873
8872
8875
8874
8877
8876
8879
8878
14998
18964
18963
6602
18960
13315
6603
4405
6604
4406
12634
6922
6976
4407
12637
6977
13311
6607
12493
6608
8160
13313
12638
8167
4403
12494
5252
5253
5250
14199
12497
5254
17080
14192
14193
14190
12496
14196
12268
14194
14195
4251
15823
15822
15824
15827
15826
15829
15828
17084
17086
4254
11120
11121
11122
11123
14332
11125
14330
12263
11128
11129
15448
10752
14338
14339
12261
11508
11509
3016
17970
3014
3015
8729
8728
5530
6255
8721
8720
8723
12138
8725
8724
8727
8726
4189
4188
7921
10531
13870
13871
13872
4182
4185
13875
13876
13877
5662
5661
10533
5667
5666
5665
5669
5668
18143
8274
6409
14831
17431
14830
4621
11801
11800
16404
11807
11806
14837
23233
6402
12472
12471
12470
12477
8188
6404
6405
8185
8184
8187
8186
8181
8180
8183
8182
7764
7765
7766
7767
7760
7761
7762
7763
7768
7769
15445
3905
3906
3907
3901
3902
3908
6745
6744
6747
6746
6741
6740
6743
6742
11637
6749
6748
9710
21036
9716
9959
9958
9955
9954
9957
9956
9951
9950
9953
9952
16752
16753
16202
16751
16756
16757
16206
16755
16209
16759
6231
12042
12043
12040
12041
12046
12047
12044
12045
8888
12048
12049
6230
19843
18971
17169
25799
18973
17438
12131
3479
3658
3659
3654
3655
3656
3657
3650
3651
3653
2528
11465
12423
11467
11466
11461
11460
11463
11462
11469
11468
5065
5064
5067
5066
5061
5060
5063
5062
8383
5069
5068
17153
17152
17151
17157
17408
17154
17159
17401
17403
17402
13319
4409
4404
13314
13317
13316
4400
13310
4402
13312
10758
10759
9571
9570
9577
9576
9575
9574
10750
10751
9579
9578
10754
15335
10756
10757
5393
14838
11809
11808
5397
5396
11803
11802
5399
14832
14835
14834
11805
11804
12825
6990
20111
10342
4095
15043
6573
6570
6571
6576
6577
9397
9396
9395
9394
9393
9392
9391
9390
15044
9399
9398
12820
18577
15331
4382
6578
15124
15125
15126
15048
15122
15123
15128
15129
12821
15330
4384
10911
14847
12273
6593
7159
7158
7157
7156
7155
7154
7153
7152
7151
7150
18752
12860
12861
6594
12863
12864
12865
12866
8069
12868
8067
12823
8065
8062
8063
8060
15332
7485
7484
7487
7486
7481
7480
7483
7489
7488
14841
2898
2897
6562
15926
14842
6596
12853
17697
6907
6597
3831
13591
13134
15830
15920
13136
6906
13580
13590
13133
13581
3838
9333
18573
13582
13583
4798
6905
4794
4695
4796
4797
4790
4791
4792
13585
5836
4031
5834
5835
5832
5833
11258
11259
11256
11257
11254
11255
11252
11253
5838
11251
19009
13723
4698
13724
13726
5633
13727
15923
11784
11785
11787
11780
11781
11782
11783
11788
11789
6494
17214
6029
6902
14969
6901
14303
6311
17218
6900
17219
12789
12788
14300
17360
17361
12781
12780
12783
12782
12785
12784
12787
18359
10321
14008
10323
10322
10325
10324
10327
14009
10329
10328
4891
4890
4897
4896
4895
9498
9499
9148
9149
16411
13599
16941
16940
9490
7974
9492
7976
9494
9147
9496
9497
6266
12256
6264
12254
12253
6263
12251
12250
12259
12258
17092
5168
17090
17096
17094
5169
17098
9726
9727
9724
9725
9722
9723
9720
9721
9728
9729
4903
19671
19412
20330
3467
3466
3464
3462
8899
8898
8897
8896
8895
8894
8893
8892
8891
8890
16389
17961
5238
5239
5230
5231
5232
5233
5234
5235
5236
5237
13126
13127
13124
13125
13122
13123
13120
13121
15806
15805
15804
15802
15801
13129
12854
8507
14318
14319
3076
14314
14315
14316
18322
14310
14311
14312
18326
12712
20322
6142
5830
17951
16716
12710
17954
8191
12711
6147
6146
6145
5831
6144
12862
5648
6629
12491
5641
5640
5643
5642
5645
6149
5647
5646
12719
8068
12867
8066
12869
14804
8064
13171
4250
8061
6468
12418
12411
12410
15373
12412
12415
15374
6466
6467
7742
7743
7740
7741
7746
7747
7744
7745
7748
7749
3920
3926
19495
3924
3925
3928
3929
12495
6723
8306
6721
8304
6727
6726
8301
8300
9072
6729
6728
8309
8308
4825
9939
9938
9933
9932
9931
9930
9937
9936
9935
9934
16778
16779
13498
4578
16771
19276
16773
16774
16775
16776
19273
6099
12069
10293
12060
6090
6093
12063
6095
12065
6097
12067
12806
4823
8365
21662
21840
3678
3672
3673
3670
15356
3676
12804
4821
11443
11442
11441
11440
11447
11446
11445
11444
11449
11448
12805
6627
3580
5001
5000
5007
5006
5005
5004
3589
5009
5008
17138
6045
17131
17422
17132
17135
17426
17425
17424
8628
13339
4429
13333
13332
13331
13330
4426
13336
13335
13334
9559
9558
14923
17327
9551
9550
9553
9552
9555
9554
9557
9556
6218
13956
14922
20133
14921
12590
2274
14920
17058
15904
14860
11861
11860
8936
8937
11865
8931
11867
11866
11869
11868
18518
8938
8939
14819
14818
12592
15143
15140
15141
15146
15147
15144
15145
15148
15149
7175
7174
7177
7176
7171
7170
7173
7172
7179
7178
12593
6077
13950
12888
12889
12886
12887
12884
12885
12882
12883
12880
12881
17914
6419
12469
14765
14764
14767
14766
14760
14763
14762
6075
14769
6848
6415
15758
15305
14255
6417
12467
12460
22375
15301
15753
6908
13939
4229
3280
13935
13934
13937
13936
4220
13930
13933
4223
5586
5587
5584
5585
5582
12809
8121
15757
5588
5589
8625
15755
6845
12763
14946
11274
11275
13689
11277
11270
11271
11272
11273
13683
13682
13681
13680
13687
13686
13685
13684
19060
14941
17539
8500
5303
3916
3913
8503
17289
16325
17288
17415
18253
17530
22089
27267
14942
19653
2284
19687
19680
19683
4538
19688
4539
6730
6731
15909
6732
10905
10904
10907
6733
10901
10900
10903
13444
6734
17308
4927
10909
10908
8311
9120
9121
9122
9123
9124
6736
10309
9127
10655
10306
10657
10656
10303
10302
10653
10300
7919
7918
4820
4795
7913
7912
7911
7910
7917
7916
7915
7914
11623
6288
8235
7981
14641
6286
6287
6280
6281
6282
6283
8506
11620
4925
7984
4793
10019
11626
19573
8238
7986
5837
9404
4215
19470
6363
7989
8703
11629
10623
3449
3448
6367
3446
3441
3440
2756
6365
2750
12135
2758
9335
10153
10150
5216
5217
5214
10403
5212
11250
5210
14159
9331
14155
14152
18073
14150
5219
10406
4216
10155
5870
14593
8700
14590
13104
13105
13106
13107
13100
13101
13102
13103
14484
18654
14486
14487
14480
14481
14482
14483
14488
12319
9338
17931
14378
7639
17934
3059
14806
14373
14370
14371
14376
14377
14374
14375
20300
10013
9628
3539
15689
15688
15681
15680
15683
15685
15684
15687
15686
16764
7289
13116
10010
12437
6447
6444
15426
12433
6911
6440
15422
6918
15428
6448
6449
14807
7728
7729
7720
7721
7722
7723
7724
7725
7726
7727
18843
6088
19478
3941
12078
3945
3946
3947
6709
6708
8329
8328
6087
8325
8324
8327
6702
8321
8320
8323
8322
9911
9910
9913
12074
9915
9917
9916
9919
9918
16836
6083
12071
6081
5156
19211
22145
13746
13747
4055
13745
13742
13743
13740
13741
8663
13748
13749
3611
3613
3615
3616
3618
3619
4180
4492
8665
10116
12170
11429
11428
23545
11421
11420
11423
11422
11425
11424
11427
11426
17441
17116
17115
17114
17112
17111
17110
5021
5020
5023
5022
5025
5024
17119
5026
4440
13350
4442
4443
4444
4445
13357
4447
4448
13358
4490
10114
20399
14253
20151
5392
5391
13976
5390
10466
10467
10464
10465
10462
10463
10460
10461
7320
10110
10468
10469
19932
8912
8913
8910
8911
8916
8917
11849
11848
11847
11846
8918
11844
11843
11842
12957
11840
15168
15169
5196
18606
6469
15160
15161
15163
15164
15165
15166
15167
7113
7112
7111
7110
7117
7116
7114
7119
7118
18794
18795
18793
14335
4499
7290
16839
3826
16838
14743
14742
14741
14740
14747
14746
14745
4100
14749
14748
7292
12232
12955
7293
4106
15676
6426
4109
13919
13918
4202
13912
4200
4201
13917
4207
13915
4205
9683
5568
3960
17365
5564
5565
5566
5567
5560
5562
5563
17367
5398
12462
15249
7932
7295
12568
12958
11212
11213
11210
11211
11216
11217
11214
11215
11218
11219
7296
19049
3354
19047
19046
19040
7968
15240
12786
15243
3350
7297
15242
3353
10320
15245
15244
4898
12567
15246
7298
8292
10326
4893
4892
7299
14525
16047
16183
16181
16180
16639
16638
16185
16184
10378
16189
16188
16631
16630
16633
16947
3891
12749
12748
16414
6114
6115
12747
6117
12741
6111
12743
6113
10923
10922
10921
10920
10927
10926
10925
10924
17320
17321
10929
10928
17324
17326
16942
7283
7282
7933
10678
9458
9459
7937
9109
10673
7938
9456
10670
9102
10676
9100
9101
16459
16458
16989
9491
16450
16455
16454
16457
12299
9141
18585
12293
9146
12291
12290
12297
12296
12295
9495
9144
7972
20816
11985
12257
6267
5034
12255
6262
12252
16044
14516
6260
6612
17584
17586
13309
3427
12620
17582
3424
6610
4589
4588
4859
4858
4857
4856
4587
2009
4581
13304
7390
4582
14174
15450
14176
14177
14170
14171
14172
12483
6614
14178
15452
4412
11988
11989
11982
15902
11980
11981
11986
11987
11984
8629
20854
12629
12484
6966
10581
8624
10583
13169
10585
10584
10587
10586
13162
13163
13160
13161
13166
8626
13164
13165
11182
11183
11180
11181
14354
11187
11184
14357
14358
8152
11188
11189
5953
8621
11538
8150
17918
17917
17916
17915
8623
17913
17912
17910
10846
20362
5176
5959
18159
11532
9412
12987
12986
12985
12984
12983
12982
12981
12980
12989
12988
18151
18156
12090
10729
12584
6932
15402
6930
15400
8699
15406
6934
6935
8695
8694
8697
8696
8123
8122
8693
8692
7706
7707
7704
7705
7702
7703
7700
7701
7398
7709
9420
19188
19189
19182
19180
8349
8348
8343
8342
8341
8340
8347
8346
8345
8344
9587
24450
13768
4078
13764
4074
13766
13767
13760
13761
13762
13763
5797
5796
3964
5793
5792
5791
3968
5798
3637
3634
3632
3633
6451
3468
11407
11406
11405
11404
11403
11402
11401
11400
11409
11408
19987
19237
6450
19239
7864
17468
17465
17464
17462
17461
17460
13379
4469
13377
4467
13375
13374
13373
4463
13371
4461
24870
6452
3538
20176
6455
16846
16847
16844
9985
16842
16840
16841
16848
12176
12177
12174
12175
12172
12173
6321
6320
11056
12178
12179
11025
14504
14507
9667
9666
9665
9664
9663
9662
10118
10444
10445
10446
10447
10112
10113
10442
10111
18804
21772
14503
18802
8562
14502
6456
18809
8978
8979
6564
8970
8971
8972
8973
8974
8975
8976
8977
8527
15057
14352
14509
6459
6592
15051
7139
7138
7131
7130
7133
7132
7135
7134
7137
7136
14353
7944
5871
6458
14323
4239
8525
6875
7680
4869
2838
14428
2835
8524
14355
14729
14728
5405
5404
5403
3394
5401
5400
3399
3398
14723
14722
14725
14724
5409
5408
9161
17262
13971
4261
13973
13972
13975
4265
13977
4267
13979
13978
18116
3702
18112
15532
18119
5548
5549
5543
5540
5541
5546
5547
5544
5545
3704
8598
8599
8596
8597
8594
8595
8592
8593
8590
8591
8076
18507
15808
11238
5891
5892
5893
5894
5895
5896
5897
5898
5899
11232
11233
11234
11235
11236
11237
4862
4919
4916
13128
7943
4917
11616
9524
13577
4915
13571
25640
13390
4662
9525
4663
4860
7941
13393
9894
9895
9896
9897
9890
9891
9892
9893
15893
9898
9899
9601
6033
12835
9527
8810
16613
16611
16610
15289
16616
16614
12769
6139
4888
12762
6130
12760
6136
6137
12765
12764
10949
10948
10941
10940
10943
10942
10945
10944
10947
10946
16477
10062
9478
9479
16473
16472
16471
9204
9472
9473
9470
9471
9476
9477
9474
16478
10061
18320
9201
9200
14317
10064
9202
4865
21345
21343
7332
3403
3402
10117
3406
4875
18951
4877
4876
4871
4870
4873
4872
4879
4878
10611
10610
10613
13499
10615
10614
10617
10616
13492
10618
13490
13491
13496
13497
13494
2795
14112
14113
12551
14111
14116
14114
18474
14118
14119
18472
17707
17705
9606
17701
13140
13141
13142
13143
13144
13145
13146
13147
13148
13149
19354
17004
9780
9781
9782
9783
9784
9785
9786
16656
9788
9789
16127
9403
18610
18612
18614
8780
9608
20344
16651
16650
12554
9402
13910
8787
9401
8210
18466
12729
12728
6176
12969
12968
6177
12965
15644
12967
12966
12961
15640
12963
12962
7096
7097
7094
12724
7092
7093
7090
7091
12723
11137
7098
7099
8071
12721
12557
15815
6171
8073
8105
8104
8107
8072
8101
8100
8103
8102
8075
8109
8108
8074
6958
6959
6488
15398
8077
8215
6482
15460
15391
6953
6954
6955
6956
6485
4039
9684
7936
12559
9405
4380
8361
8360
8363
8362
11134
8364
8367
8366
8369
8368
4277
8217
6535
18467
15454
10288
9066
5644
9069
3187
9068
15455
19916
6533
7026
15456
11131
11397
11396
11395
13709
11393
11392
11391
11390
13702
13703
4011
13701
13706
13707
11399
11398
6530
19437
17449
3984
3985
3986
3987
3980
3981
3982
3983
14236
15922
15876
21735
4772
5795
8157
19814
16281
16283
16285
16286
16287
16913
25108
16720
8053
17483
17482
15875
8155
8052
3568
4771
15872
8548
7874
7875
7876
7877
7870
7871
7872
7873
8051
7878
7879
13395
6913
16869
16864
16865
16866
16860
13397
13396
12158
12159
12154
6304
12156
12157
6301
12151
6303
6302
10134
10135
10136
10137
10130
10131
10132
10133
4483
10138
10139
10428
10429
9649
9648
9319
9318
10422
9644
9315
9646
9313
9640
9643
9642
8956
8957
8954
8955
8952
8953
8950
8951
20991
8958
8959
4209
15745
6857
15747
15651
3214
3217
3210
3211
15743
12419
2816
2813
2812
15748
15749
14707
14706
14257
14256
14703
14702
18280
14700
14259
14258
8541
14708
5429
5428
3377
5424
5427
3373
3372
5423
5422
15371
6461
11887
8540
6462
6898
6463
13959
13958
13957
6464
13955
13954
13953
13952
13951
6465
5520
5521
5522
5523
5524
5525
5526
5527
5528
18136
12416
11889
18133
14499
14616
14281
3574
6060
13655
6547
6546
15074
6544
6543
6542
15070
15071
15078
15079
16833
4168
16342
17527
12436
14290
16349
19497
14293
17291
7517
7516
7515
14924
7513
7512
7511
7510
14295
17293
7519
7518
16671
6356
16673
16672
12435
18244
16677
6357
8803
12105
12701
6151
12703
12104
6154
6155
12707
6157
6158
6352
12102
10967
10966
10965
10964
10963
10962
10961
6722
13459
8305
10969
10968
4831
6720
4526
8303
4833
8302
21100
4524
16499
16498
15521
16495
4835
16497
6724
6581
16493
4834
6580
6358
6587
6359
8759
8208
26151
7992
8209
15495
8206
15529
7997
8756
7996
8757
9438
8202
8233
9439
19016
8751
11634
5822
8752
11635
8753
11636
4812
9435
4817
4816
4815
4814
8232
11630
4819
4818
18068
11631
9410
9411
11614
11615
11612
11613
9416
11611
9418
10636
10635
10634
10633
10632
11618
10630
14138
14139
18459
11948
9341
11946
11947
11944
11945
14134
14135
11940
11941
9343
17725
17726
17720
3159
9345
18061
15534
10169
17878
9347
17879
10167
11072
9349
18065
8237
15492
9618
9619
20412
20413
10093
10092
10091
10090
10097
10096
10095
10094
10099
10098
13186
11070
17749
11071
12949
15668
20657
15663
12942
12941
12947
15666
15665
12944
7078
7079
7074
7075
7077
7070
7071
7073
18637
14395
14397
14390
14391
14392
14393
5810
9464
14398
15447
12490
15917
15444
15911
15442
8165
15912
12499
12498
8169
8168
15919
15918
15449
6979
12995
20868
16777
9484
12068
6098
9659
8307
8681
15890
8170
8389
8388
8387
8386
8385
8384
7006
8382
8381
8380
6091
15304
12061
6474
15891
12062
4389
4388
3325
4383
12064
8816
4387
4386
6094
8687
12066
6096
19837
22472
8684
13720
13721
13722
4032
4035
13725
4037
4036
13728
4038
8173
11379
11378
11375
11374
11377
11376
11371
11370
11373
11372
15394
8174
17591
8175
9872
15896
11155
8688
11154
14437
14436
11150
14433
14432
8566
7034
14439
11158
7852
7853
7850
7851
7856
7857
7854
7855
7858
7859
4531
16809
16802
16803
16800
16801
8564
16807
16805
6369
12139
12132
12133
6361
6360
12136
12137
12134
6364
10152
10401
9337
10151
10404
9330
10154
10407
10408
10409
10158
10159
9339
9290
9629
9291
2749
9623
9622
9621
9620
9627
9626
9625
9624
18848
9294
14899
14898
14897
14896
14895
14894
14893
14892
14891
14890
4704
5497
4018
14097
14096
14095
14094
14093
14092
14091
14090
14099
14098
5199
5198
5195
5194
5197
3239
5190
5192
13265
13264
13267
13266
13261
13260
13263
13262
13269
13268
2872
14416
2875
2878
14273
14272
14271
14270
14277
14276
14275
14278
20065
20064
5449
9235
19839
5443
5441
5440
5447
20068
5444
5493
12920
12923
15602
5508
5509
5506
5507
5504
5505
5502
5503
5500
5501
5139
6847
12926
15609
19347
12928
4012
15873
15258
12579
6569
15059
6565
15055
6567
6566
15050
6560
6563
15053
7687
12572
7685
7684
7683
7682
7681
15253
5472
12570
7689
7688
3827
9155
3825
15251
3823
3822
3821
10333
12576
10330
15257
8444
8445
8446
8447
8440
8441
8442
8443
9151
15255
8448
8449
9150
10334
5815
10335
7539
7538
7535
7534
7537
7536
7531
7530
7533
7532
16659
16658
16657
16124
16655
16654
16653
16123
16122
6178
6179
12727
12726
6174
6175
6172
6173
6170
12720
16406
10989
10988
7909
10985
10984
10987
10986
10981
10980
10983
10982
15473
16405
5132
16400
21128
16401
7900
22735
7901
16059
7902
7903
7904
9486
11586
11587
11584
11585
11582
11583
11580
11581
7907
5816
16057
11588
11589
14664
12240
19736
6270
16051
4428
16502
6272
17299
12244
17296
17525
17290
17523
17521
4839
4838
6277
4529
11525
13456
13457
13454
13455
13452
13453
4521
4836
7993
12248
7991
7990
11638
11639
7995
7994
9436
9437
9434
7998
9432
9433
11632
11633
16155
4421
12619
5298
15932
5296
13337
5294
5295
5292
5293
5290
5291
13184
6626
17748
13187
13180
13181
13182
13183
17743
17740
4425
13188
13189
17744
15936
6625
15935
6622
6623
8934
6620
8636
12610
8635
20387
8145
8632
8631
8146
7337
9293
7335
7334
9296
9297
7331
9295
9298
9299
7339
7338
11964
11965
11966
11967
11960
11961
11962
11963
18439
11968
11969
12921
15600
15603
12922
12925
12924
12927
15606
12929
15608
14987
12294
10215
10214
10217
10216
10211
10210
10213
10212
10219
10218
7058
7059
7052
7053
7050
7051
7056
7057
7054
7055
8515
33988
8149
8148
15931
15930
6998
6999
8639
8638
8141
6995
8143
6997
8633
8144
8147
6993
9021
15813
16020
8932
15345
9999
9998
9023
9991
9990
9993
9992
9995
9994
9997
9996
11036
14517
14514
14515
11032
11033
11030
14511
11038
11039
6410
7237
9770
3074
14212
11013
11359
11358
11353
11352
11351
11350
11357
11356
11355
11354
16021
7235
3459
23672
19291
19297
19295
14563
19299
15870
13625
4715
13627
13626
7230
4710
4711
4712
6699
6698
6693
6692
6691
6690
6697
6696
6695
6694
21193
7838
7839
16354
16355
16352
16353
16350
16351
7830
7831
7832
7833
7834
7835
7836
16359
12110
6340
12112
6342
6345
6344
6347
6346
12118
12119
17195
17193
17191
17190
9353
9600
9351
9350
9605
9604
9607
15028
10170
10171
9359
10173
10174
10175
10176
10177
11035
14512
14513
3782
3783
9352
8999
3786
14510
3785
8992
8993
8990
8991
8996
8997
8994
8995
4996
6510
4994
4995
9252
4993
4990
4991
6512
4998
4999
7926
15022
18815
14079
6516
14075
14074
14077
6517
14070
14073
14072
18814
3252
3255
3257
9250
13242
13241
13240
13247
13246
13245
13244
13249
13248
2859
12414
9645
17498
14219
5460
5463
5228
5465
5464
5467
5466
14211
5468
14213
3338
14215
14214
14217
14216
15490
20046
12417
5222
9355
18173
18175
15510
3816
5224
13113
8935
18510
16278
11862
14642
8930
14812
3819
14811
8933
8286
8287
8284
8285
8282
8283
8280
8281
5479
15812
8288
8289
6509
6508
13568
6503
6502
6501
6500
15036
6506
6505
15035
13566
4900
15086
4675
15142
13565
3809
3808
4673
3807
3803
8462
8463
8460
8461
8466
4671
8464
8465
8468
8469
15708
7559
7558
7553
7552
7551
7550
7557
7556
7555
7554
19629
13949
16102
16101
16106
16104
19167
13885
17944
13887
4177
13881
4171
4172
13882
16987
4178
13888
24621
12624
15082
7395
9271
9272
22759
14493
15081
9273
14492
7391
14363
9275
14362
9276
17948
7392
8112
14364
15080
5925
5926
5927
5920
5921
9306
5923
5297
5928
5929
12513
17504
10054
17501
10721
17508
10720
13474
13475
4507
4506
13470
10723
13472
13473
9135
10722
13478
13479
15416
11658
11659
11652
11653
11650
11651
11656
11657
11654
11655
17761
17765
17767
8111
5949
15700
11037
12817
6436
16640
11034
19615
16132
16645
5211
12738
15412
7319
7318
18672
6168
7315
7314
7317
7316
7311
7310
7313
7312
11902
11903
11900
11901
12301
11907
12303
11905
5966
11908
11909
18413
12308
15629
12908
15627
15626
12905
15624
12903
12902
12901
15620
7030
9015
10231
10230
10237
10236
10235
7037
7038
7039
10239
10238
9018
9019
12733
6432
9137
6165
6164
6167
6166
14336
18677
15958
15489
15488
15951
15950
15481
15487
11031
15957
15956
7788
7789
7786
7787
7784
7785
7782
7783
7780
7781
6430
14684
14685
15707
14683
14680
14681
14688
14689
4299
8016
4298
4349
4348
4347
4346
4344
4343
4342
4340
11018
14539
14534
14535
11016
11017
11010
11011
11012
14533
8615
8614
8617
8616
8611
8610
8613
8612
17880
17883
17882
8619
8618
17887
17886
8014
3307
11331
11330
11333
11332
11335
11334
11337
11336
11339
11338
19100
3304
5718
5717
5716
5715
5714
5712
5711
5710
3063
22833
3305
14331
14768
23833
11489
11488
11487
11486
11485
11484
11483
11482
11481
11480
15736
6439
15623
16590
16594
16595
16596
16597
12680
12681
12682
12683
12684
12685
12686
12687
12688
12689
10826
10827
10824
10825
10822
10823
10820
10821
4565
5092
10828
10829
7816
7817
7814
3576
7812
7813
7810
7811
7818
7819
16378
16379
16374
19815
16377
16370
16372
16373
13387
7044
13921
4494
12476
4493
9277
13383
9379
9378
4491
9371
9370
9373
9372
9375
9374
9377
9376
12475
9278
21265
18594
16430
12474
4978
4979
9279
4974
4228
4977
4970
4971
4972
15377
6820
15886
15733
3276
3277
14059
14058
3273
4225
14052
14051
14050
14057
4226
14054
4227
15881
13931
15880
4221
13229
15739
14102
4222
6829
13221
13220
13223
13932
13225
13224
13227
13226
14945
14944
14947
14234
14233
14940
14231
14230
14949
12408
14239
14238
3319
3318
6478
5489
5487
5486
5485
5484
5483
3314
5480
20028
6479
5580
5327
20022
9661
20026
6473
40137
15363
9336
15360
11899
12401
18199
18196
15366
18194
14609
15367
11892
14606
12404
11895
20732
15365
11896
11897
14602
11891
14600
5329
4757
15546
6520
15544
15545
6525
8269
15540
6526
8264
8265
8266
8267
8260
8261
8262
8263
16356
8041
16821
18895
16822
9332
16823
16825
3869
16826
3863
3862
3861
3860
3867
8408
16828
16829
8400
8401
8402
8403
8404
8405
8406
8407
7571
14930
7573
7572
7575
7574
7577
14931
9814
9815
9816
9817
9810
9811
9812
9813
8814
16358
19464
14286
7837
19467
18908
6341
14936
12111
14285
4518
15459
12113
14939
12114
12115
12434
4153
14289
4156
12116
4154
4155
9740
18901
4158
4159
11276
6349
18271
13462
9668
18902
13461
15384
4511
9741
11095
13467
8335
6161
4517
15432
4514
18053
13464
15723
6714
15385
9429
8339
8749
11648
11278
15088
11279
15433
8211
5900
5901
5906
5904
5905
16169
16168
5908
4211
8745
19319
17562
17563
17560
8212
17564
17565
3481
15083
17568
3482
15430
8214
13412
13413
13410
4560
4567
13417
13414
13415
13418
8740
15387
9423
11670
11671
11672
11642
11674
11675
11676
11677
11678
11645
15431
11644
7653
11647
15726
11646
13879
10178
17788
10179
17786
8134
9603
17809
9602
3167
9357
9356
16785
16784
16787
16786
16781
16780
16782
8135
9354
6064
9609
6066
6067
12091
6061
12093
12092
6068
6069
9358
2601
10783
10782
10781
10780
10039
10038
10785
10784
10035
10034
10789
10036
10031
10030
10033
10032
7379
7378
4568
7373
7372
7371
7370
7377
7376
7375
7374
12323
11929
12321
12320
12327
12326
12325
12324
11920
11921
11922
11923
11924
11925
11926
11927
16706
4020
9032
10258
9030
9031
9036
9037
7018
9035
10251
10250
10253
10252
10255
7013
10257
7011
18697
14252
13775
8132
19202
3780
13938
3781
2956
2957
5344
5345
5346
5347
5341
5342
5343
15388
5348
5349
5456
3788
15451
16204
4365
4364
6084
4366
4361
4360
4363
4362
4369
18037
18032
11078
11079
4997
14552
11073
14550
14551
11076
11077
11074
11075
8673
8672
8671
8670
8677
8676
8675
15970
8679
8678
8045
6082
15978
13782
13783
4091
13781
13786
4096
13784
4094
13778
4099
13789
15604
13757
5735
5734
4047
5731
5730
5733
11318
11317
11316
11315
11314
11313
5738
4041
19128
4042
19123
19125
13338
4048
12525
8096
15207
15206
15201
15200
8091
12522
12529
12528
8099
8098
11146
14427
14424
14425
19784
14422
16575
16573
14423
11140
12668
12669
6657
12667
12664
12665
12662
6652
12660
6650
10808
10809
10804
10805
10806
10807
10800
10801
10802
10803
6385
6384
6387
16319
6381
6380
6383
6382
6700
16313
19870
14429
6389
16317
16314
14076
15453
4629
15127
9289
9288
4958
16348
9284
4952
4950
4951
4956
7308
4954
4955
14031
14030
14033
14032
14035
14034
14037
14036
14039
14038
21171
17045
3966
17041
3299
17043
5138
5136
3296
5134
5133
17048
5131
5130
13207
13206
13205
13204
13203
13202
13201
13200
13209
13208
18426
15555
14963
14962
14961
14960
14967
14966
14789
14964
14787
14786
14785
14968
14783
14782
14781
14780
20555
15554
20008
8567
15266
8565
12544
15263
15557
12542
15612
12813
12933
12540
12930
6891
6890
6893
15783
6895
6894
6897
6896
15788
15616
4547
15614
17303
12935
17300
10906
12549
15551
8568
12939
17304
10902
8798
8799
8248
8249
3008
15569
15564
8243
8240
15567
8246
8247
8796
8797
10206
17309
14218
4468
10204
5462
7041
10203
8426
8427
8424
8425
8422
7043
8420
8421
10201
8428
15552
5469
14210
10659
3339
10658
9838
9839
5038
7599
7598
7597
7596
7595
9831
7593
9837
7591
9835
9128
9129
10305
10304
10651
10650
10301
10652
4464
4139
4130
4131
4132
4133
4134
13326
4136
4137
5693
5690
3842
5696
5697
5694
5695
3849
13320
5698
5699
4430
4433
4432
7271
6973
16439
5461
17126
16049
17127
5968
5969
19669
16148
5960
5961
16145
16144
5964
5965
16141
5967
17548
17549
16513
15558
17238
17237
17542
17232
5433
17547
13438
13439
19720
4541
4540
13432
16517
4545
4544
13436
6289
6639
11698
11699
11696
11697
11694
11695
11692
11693
11690
11691
6284
15457
5431
12600
16153
12602
6632
3473
6635
6634
6043
6040
6041
6046
6637
6044
6986
6048
6049
6985
6984
6983
15216
2629
8607
9582
9583
7353
9581
9586
9239
9584
9585
7359
7358
10011
9237
9230
9231
9232
10014
12349
12348
12341
12340
12343
12342
12345
12344
12347
12346
10277
10276
10275
10274
10273
10272
10271
10270
10279
10278
9058
9059
7336
9050
9051
9052
9053
9054
9056
9057
20496
22893
17947
13751
14394
5438
5362
5363
5360
5361
5366
5364
5365
5368
5369
7333
5093
4303
4302
4301
14163
4305
4304
4309
4308
11050
11051
11052
14573
11054
11055
14576
11057
11058
11059
18019
18018
14162
17848
17845
17844
17847
17846
17840
17843
17842
8659
8658
15999
15998
8651
8650
8653
8652
15991
8654
8657
8656
7330
5753
5751
5750
5757
5756
5755
5754
5759
5758
15195
15194
15197
15196
15190
15193
15192
15199
15198
3444
19975
4606
15223
15222
12501
12500
12507
15226
9314
12504
12509
12508
7434
7435
7436
7437
7430
7431
7432
7433
12725
7438
7439
16554
16556
16550
13637
14623
16558
6675
6674
12646
16089
12640
12641
12642
12643
16082
16083
16080
6679
16087
16084
16085
12438
13631
10868
10869
10862
10863
10860
10861
10866
10867
10864
10865
16330
19507
16332
16881
16886
16335
16884
16337
16339
16888
16889
19509
12722
4709
6725
13639
9310
4603
18567
14522
14521
17686
17685
14520
3728
17682
3724
3725
3721
3722
11006
13597
13596
4684
13594
4934
13592
4936
4681
4938
15287
4688
13598
11735
15032
11737
11736
11731
11730
11733
11732
11739
15030
5213
5115
5114
5117
5116
5111
14158
5113
14018
14017
14015
14014
5119
5118
14011
14010
17063
17062
20795
17060
17067
15034
17065
14157
17069
17068
6328
14153
10488
10489
10480
10481
10482
10483
6601
10485
10486
10487
14909
14908
14901
14900
14903
14902
14905
14904
14907
14906
20573
18209
6388
16263
14601
15768
17642
6877
6876
15764
6874
6873
15763
6871
4266
14800
15423
18737
11873
14802
18224
18226
11871
18221
3804
18839
11877
8220
8221
8222
8224
8921
8226
8227
8228
8229
8920
18835
15508
15509
15503
15507
15504
15505
7609
7608
7607
7606
7605
7604
7603
7602
7601
7600
13553
4643
9179
4640
8467
18655
13550
15742
6813
4646
15288
18657
4647
9850
9851
9852
9853
9854
9855
9856
9857
9858
9859
4645
16035
11778
16172
9177
16173
22557
16485
14489
4116
7896
4113
7897
14441
18308
7894
7895
15285
7892
7893
17932
11777
5705
7891
9263
10049
14372
9174
17024
11527
15661
5946
5947
5944
5942
10738
5940
5941
11506
11507
11504
11505
11502
11503
5948
11501
12622
10736
16030
10041
10734
19136
9268
10044
10733
14445
10046
25028
10731
14446
9238
15280
19134
9170
5414
16109
15283
17233
14448
6028
17215
17216
17217
17210
17212
6020
6021
6022
6023
6024
6025
6026
6027
10071
10070
10073
10072
10075
10074
10077
10076
10079
10078
14449
19334
9218
9219
9212
9213
9210
9211
9216
9217
9214
9215
12367
12366
12365
12364
12363
12362
12361
12360
12369
12368
18529
9076
9077
9074
9075
10299
10298
9070
9071
10295
10294
10297
10296
10291
10290
9078
9079
14065
3555
3550
9236
3559
6129
13884
6814
4176
13886
15282
5413
13880
5309
13883
5300
5301
5302
4173
5304
5305
5306
5307
13016
13017
13014
13015
13012
13013
13010
13011
4620
13018
13019
4329
4328
4320
4323
4325
4324
4326
3140
3145
14598
14599
14596
14597
14594
18075
18074
18077
14591
20211
17860
17865
17864
12289
12702
9156
18465
16009
5779
5778
10753
5771
5770
5773
5772
5775
5777
18462
10671
28819
10755
18247
11916
12569
15248
12561
12560
12563
12562
12565
12564
15247
12566
7412
7413
7410
7416
7417
7414
7415
7418
7419
16532
16530
16537
16535
16538
16539
6613
12623
6611
12621
12626
12627
6615
12625
12628
6618
10840
10841
10842
10843
10844
10845
10675
10847
10848
10849
7275
14140
3501
3503
10674
10292
19526
9011
19520
3505
12198
12199
12190
12191
12192
12193
12194
12195
12196
12197
24164
14568
4033
21974
3708
17669
17665
3703
17666
17661
3707
17663
15425
13579
13578
4918
6915
13575
13574
4666
13576
4660
4913
13573
13572
11713
11712
11711
11710
11717
11716
11715
11714
6910
11719
11718
7000
12432
5173
5172
5171
5170
5177
12431
5175
5174
5179
12430
15892
13926
15721
6568
17001
17000
17003
4235
17774
6836
6835
15429
15897
6919
9689
9688
13920
9681
9680
7002
9682
9685
6839
9687
9686
5922
4500
20517
7254
7255
7256
7257
7250
7251
7252
7253
15769
16010
7258
7259
14638
7004
6855
6854
15746
6856
6851
6850
6853
6852
16013
15348
6859
6858
7007
18593
14705
15349
8804
8805
8806
14292
8800
8801
8802
14296
14299
8808
8809
14929
14928
6583
6582
15522
15523
8758
6586
6585
15527
15528
8207
8204
8205
8750
8203
8200
8201
7625
7624
7627
7626
7621
7620
7623
7622
7628
9193
4505
17968
4504
13476
16360
16219
4501
13471
4502
15265
14701
9878
9879
9876
9877
9874
9875
9195
9873
9870
9871
14435
14434
11157
11156
11151
14430
11153
11152
4509
11159
14438
4508
3089
8905
19477
3087
3081
3083
3082
3943
22203
13809
13808
13805
13804
13807
13801
13800
13803
13802
3885
3884
3887
3886
3881
3880
15262
3889
3888
13403
15496
15261
18041
11524
6701
11526
8779
11520
11521
11522
11523
11528
11529
8326
15260
6994
6705
18047
6704
15090
6707
15091
18425
6706
15092
15093
2649
15094
15095
9912
5823
8775
10639
13570
16274
16277
16276
16271
16270
16272
16279
10637
6006
6007
6004
6005
6002
6003
6000
6001
12645
6008
6009
17117
17273
17276
17277
17274
17275
17278
6991
9270
7394
7397
7396
9274
10728
7393
10058
10057
10724
10727
10726
7399
10052
10051
10050
6992
12389
12388
12647
12385
12384
12387
12386
12381
12380
12383
12382
3363
10539
9098
9099
9094
9095
9096
9097
9090
9091
9092
9093
24163
15268
18505
16960
21580
21582
5098
17497
17495
3578
22858
17491
5090
5091
3577
22855
5094
5095
5096
3572
13386
4496
13384
13385
13382
6669
13380
13381
13388
4498
2938
2936
2934
18589
10631
5324
5325
11898
5323
14608
5321
11894
14607
14604
14605
11890
14603
5328
11893
20189
13038
13039
13034
13035
13036
13037
13030
13031
13032
13033
11094
18056
11096
11090
11091
11092
11093
11098
11099
17801
17803
3168
16416
17808
3161
20230
27513
11263
2400
4056
2401
13744
4054
4053
15006
4052
4050
12648
15005
12547
12814
12545
15264
8563
12810
8561
8560
4058
12819
12818
8569
12548
3621
10654
7478
7479
16311
15003
14993
7470
7471
7472
7473
7474
7475
7476
7477
16518
14413
16048
11177
16510
16511
16512
16045
16514
16515
16516
16041
12608
12609
14667
14410
15002
6631
12601
6633
12603
12604
12605
12606
12607
11175
13328
14414
15001
15009
4420
14419
11178
13329
15000
13636
4706
13635
13632
4702
13630
4700
13638
4708
2414
3759
3763
3768
3769
14994
17399
4427
17390
17393
17392
17646
17397
4648
13558
4642
13552
13551
4641
13557
13556
4644
13554
11779
4424
7898
7899
11771
11770
11773
11772
11775
11774
7890
11776
5159
5158
17025
3240
17023
17021
5150
5153
5152
5155
5154
5157
17028
12894
20753
12305
14460
12304
12307
12306
11906
11939
20537
20535
8194
20532
12302
20539
7272
7273
7270
18414
7276
7277
7274
8553
12309
7278
7279
15272
8551
8008
12803
6833
6832
15720
6830
6837
15727
15724
6834
15898
15899
15728
15729
10556
8004
10554
10555
10552
10553
10550
10551
8006
10558
10559
11500
12909
8822
8823
8820
8821
8826
8827
8824
8825
18916
18261
8828
8829
18912
15625
15098
15099
8778
12904
13547
8772
8773
8770
8771
8776
8777
8774
15097
7643
7642
7641
7640
7647
7646
7645
7644
18360
7649
7648
9014
13540
7031
7032
11933
10918
9010
7035
15789
10318
9012
7291
9013
7924
9130
5495
7294
8007
14200
9136
11173
11172
11171
11170
14417
11176
14415
11174
5490
11179
14418
3303
6486
10310
14204
10647
11876
10312
14540
10313
10642
10643
6974
13829
13828
10316
13823
13822
13821
13820
13827
13826
13825
13824
5638
5639
4441
5635
5636
5637
5630
5631
5632
7466
8480
8481
8482
8483
8484
8485
8486
8487
8488
8489
13354
