4446
4447
11543
11540
11541
11546
11547
11544
11545
11548
11549
5988
5989
5982
5983
5980
5981
5986
5987
5984
5985
10613
6796
6797
6794
6795
6792
6793
6790
6791
6798
6799
10691
12019
12018
12590
12015
12014
12017
12016
12011
12010
12013
4431
10709
9528
9529
9258
9259
9256
9525
9254
9255
9252
9521
9522
9523
6346
3282
2143
8907
3519
3518
3513
3512
3511
3510
3517
3516
3515
3514
2688
2684
2685
2686
2687
2680
2683
14624
14626
14621
14622
14623
14628
4527
11363
13058
13059
13053
13050
13057
14688
17825
17823
17820
10580
1610
7188
7189
7180
7181
7182
7183
7184
7185
7186
7187
3433
9141
9334
12832
12831
12837
8548
8019
8018
8017
8016
8015
8546
8013
8540
8543
8542
7456
7457
7454
7455
7452
7453
7450
7451
2743
7458
7459
2658
4520
4596
2744
4594
2746
4730
10884
10885
10886
10887
10880
10881
10883
10888
4598
12877
6536
4599
13605
6537
4735
6534
6535
15003
12876
6533
2315
6530
8296
4729
4728
4725
4724
4727
4726
4721
4720
4723
13613
11289
5846
5845
5844
16060
5842
5841
5840
11281
11280
11283
11285
11284
11287
5848
17622
17625
3748
3749
3746
3747
3744
3745
3742
3743
3740
3741
4620
4621
4622
4623
4624
13534
4626
4627
4628
4629
12778
11757
11755
11754
11753
11751
11750
11759
11758
14534
13463
12872
2337
16399
6269
7046
12242
13289
13288
17650
14533
14161
13281
11992
12870
10390
10391
10392
10393
10394
10395
10396
10397
10398
10399
7218
7219
7210
7211
7212
7213
7214
13546
7216
7217
12226
6216
6215
6214
6213
6212
6211
6210
13540
10258
6219
6218
6819
6818
13542
6811
6810
6813
6812
6815
6814
6817
6816
9757
9756
9755
9754
9753
9752
9751
9750
10574
10575
10576
10570
10571
9759
9758
15884
13548
10517
8848
8849
8840
8841
8842
8843
8844
8845
8846
8847
16086
11849
11848
7669
7668
12667
7661
7660
7663
7662
7665
7664
7667
7666
14402
1760
15029
5228
14347
11193
14343
14342
11119
11118
11111
11110
11113
11112
11115
11114
11117
11116
8710
8711
8712
8713
8714
8715
8716
8717
8718
8719
13841
13840
13843
13844
13849
11762
7565
7880
11760
5618
5619
13304
5612
5613
5610
5611
5616
12660
5614
5615
11764
35215
10253
6806
4668
11569
12748
11560
11561
11562
11563
11564
11565
11566
11567
10703
9257
14529
10701
10700
10707
10706
9250
9251
6778
6779
6774
6775
6776
6777
6770
6771
6772
6773
9964
9965
9966
9967
9960
9961
9962
9963
9968
9969
15457
16232
12039
12038
12033
12032
12031
12030
12037
12036
12035
12034
9508
9509
9502
9503
9500
9501
9506
9507
9504
9505
3689
3688
3683
3682
3681
3680
3687
3686
3685
3684
2519
2514
2516
2510
2513
3584
3531
3530
3533
3532
5058
5059
3537
3536
3539
3538
5056
4661
5050
5051
5052
5053
10761
10763
10762
10765
10764
10767
10766
10769
10768
14642
14643
14864
14646
15309
4164
13070
13071
13072
13073
13074
13075
13077
13079
13891
2157
10185
10184
10187
10186
10181
10180
10183
10182
10189
10188
14012
3957
15119
13568
15113
15112
8035
8034
8037
8036
8031
8030
8033
8032
2771
8039
8038
12859
12858
8529
8528
13566
8523
8522
8521
8520
8527
12586
12585
8524
7162
13567
10431
10388
18559
12418
7997
12104
6938
10430
16921
4299
4298
4295
4294
4297
4296
4291
4290
4293
4292
7587
10432
12235
4749
13679
12101
12234
4743
13673
4741
4740
4747
4746
4745
4744
16000
12236
5869
5868
5865
5864
5867
16009
5861
5860
5863
5862
6202
17357
12232
2182
4608
4609
4606
4607
4604
4605
4602
4603
4600
13510
6451
6906
12239
13593
6453
6452
9292
12424
6454
6901
7583
6456
12428
9293
15349
8136
8137
10827
16116
8131
6187
6186
6185
6184
6183
6182
6181
6180
6908
6189
6188
2726
6805
2723
2722
2721
2720
2728
7236
7237
9193
9192
7940
9194
7230
7231
9199
9198
10374
10375
7948
7949
7238
7239
9744
9745
16915
10561
9747
6239
6238
6235
6234
12206
6236
6231
6230
6233
9741
14421
10565
10564
10518
10519
9779
9778
9775
10513
10510
9776
7932
9770
9773
9772
8866
8867
8864
8865
8862
8863
8860
8861
21404
14988
8868
8869
11767
7935
3495
7934
5267
5266
5265
6365
5263
5262
5261
5260
14180
14184
5269
5268
15850
13405
13404
2093
13406
11137
14324
11135
14326
11133
11132
14451
11130
11139
11138
3028
3027
3026
3024
3022
3021
3020
10237
8738
8739
8736
8737
8734
8735
8732
8733
8730
8731
16419
10573
13869
4199
4196
4197
4194
13864
4192
13862
4190
4191
5670
5671
5672
5673
5674
5675
5676
5677
5678
5679
14501
6240
8831
10343
15042
10234
6437
6436
8190
6434
6433
8197
8194
6430
8198
8199
11642
6439
6438
17448
12434
13734
6758
6759
6752
6753
6750
6751
6756
6757
6754
6755
9942
9943
9940
9941
9946
9947
9944
9945
9948
9949
10692
16213
11647
7679
12051
12050
12053
12052
12055
12054
12057
12056
12059
12058
4680
15044
7673
4681
10697
2538
2539
10696
2530
2536
2537
2534
2535
13667
10060
5079
17162
5072
5073
5070
5071
5076
5077
5074
5075
12850
9560
9561
9562
9563
9564
9565
9567
9568
10746
10745
10744
10743
10742
10741
10740
5380
5381
5382
5383
5384
5385
5386
5387
5388
5389
11834
14847
11832
11833
14666
14667
12852
13098
13097
13093
14833
10796
9384
9385
9386
9387
9380
9381
9382
9383
9388
9389
10340
2415
2142
2417
13772
13770
12856
13776
7148
7149
7144
7145
7146
7147
7140
7141
7142
7143
18747
12266
13779
8501
8052
8051
8050
8057
8056
12871
8506
8509
8508
8059
8058
12878
2882
7498
2881
2887
2884
2885
7492
7493
7490
7491
7496
7497
7494
7495
10793
13586
10347
14408
3277
14059
1925
6589
14401
4761
4760
4763
13653
4765
4764
4767
4766
4769
4768
13730
11249
11248
6588
11245
11244
11247
11246
11241
11240
11243
11242
16029
5809
5808
5803
5802
5801
5800
5807
5806
5805
5804
17377
17374
11798
11793
11792
11791
11790
11797
11794
13835
11709
11990
16688
16687
6308
4888
10355
10356
10357
10350
10351
10352
10353
2705
4881
4882
4883
10358
10359
4886
4887
7962
7963
7960
7961
7966
7967
9179
9178
10682
9176
7968
10681
9173
9172
10684
9170
16978
13222
13418
12745
6259
6258
17085
17084
6939
6253
6252
6251
6250
6257
12747
6255
12265
10530
10531
10532
10533
10534
10535
10536
10537
10538
10539
12740
8545
9719
9718
8544
9713
9712
9711
6113
9717
9716
9715
9714
3474
3475
3476
3477
3470
8889
3472
3473
8884
8885
8886
8887
8880
8881
8882
8012
8011
12911
8010
12913
10925
7023
17323
5249
5248
7022
5245
5244
5247
5246
5241
9005
5243
5242
13134
15830
9004
15836
15837
13133
13132
9003
13139
7026
7931
9001
7930
9000
7933
3005
5487
3007
3006
14306
14305
5486
7287
3009
3313
7286
10227
9108
5483
7284
1587
3314
9454
3317
7938
3316
7289
7288
9450
9451
11626
5658
5659
5656
5657
5654
9453
5652
5653
5650
5651
13342
13340
13346
4455
13345
13349
6419
6418
12464
12465
6417
12467
6411
12461
6413
6412
7777
7776
7775
7774
7773
7772
7771
7770
7779
7778
3917
3916
3915
3914
3913
3912
3911
12414
3919
3918
6730
8315
8316
8317
8310
6735
6736
8313
6738
6739
12484
8318
8319
9928
9929
9920
9921
9922
9923
9924
9925
9926
9927
5993
16766
5992
16762
3286
12079
12078
6086
6087
6084
6085
12073
6083
6080
6081
11574
11573
17178
3285
10889
16226
12120
14932
12488
3649
3648
3647
12123
3645
3644
3643
3642
3641
3640
2551
2553
2558
2559
10329
11476
11477
11474
11475
11472
11473
11470
6641
11478
11479
5010
5011
5012
5013
5014
5015
5016
5017
5018
5019
3281
4419
4418
4417
4416
4415
4414
4413
4412
4411
4410
10644
9548
9549
9546
9547
9544
9545
9542
9543
9540
9541
3280
14822
15990
14825
12127
2322
12126
14855
12209
14854
12839
11814
11815
11817
11810
11811
11812
11813
11818
11819
12838
15154
15159
7168
7169
12906
7163
7160
7161
7166
7167
7164
7165
17586
8079
8078
12898
8071
8070
8073
8072
8075
8074
8077
8076
16066
6335
8637
12167
6337
6330
12160
12163
12162
12200
4857
4584
13618
4855
4854
8635
4853
4580
13614
4851
2300
6525
4850
6524
15938
13617
6527
2305
15017
13611
6529
4789
4788
4787
4786
4785
4784
4783
4782
4781
4780
5821
5820
5823
11268
5825
5824
5827
11288
5829
5828
11261
11260
11267
11266
11265
11264
5843
8632
14549
16062
23969
10453
6917
9675
10451
10450
5849
14540
10109
9671
10455
19745
10454
6326
11983
10107
11981
10101
10100
12798
12793
12796
12797
12794
10332
9154
9157
9156
9151
9150
10334
9152
2762
2761
10339
9159
9158
2765
7908
7909
9489
16405
17893
9483
9482
9481
9480
7904
7905
7906
7907
6271
12241
6273
12243
6275
6274
12246
6276
6279
6278
8883
13532
13535
4625
9731
9730
9733
9732
9735
9734
9737
9736
9739
9738
13536
13539
13792
21338
13794
3452
3453
3450
3451
3456
3457
3454
3455
3458
3459
10583
10586
11850
14149
11851
14145
14147
14140
14142
5229
8906
5223
5222
5221
5220
5227
5226
5225
5224
13113
13110
13116
13115
13114
13118
4757
15817
14352
3063
3062
14499
14353
3067
3065
17943
14493
14491
3068
11187
4817
9818
9819
9814
7578
23751
5726
8557
11601
6479
6478
6473
6472
6471
6470
6477
6476
6475
6474
9241
7759
7758
9536
7755
7754
7757
7756
7751
9243
7753
7752
9534
3939
3938
3935
3934
3937
3936
3931
3930
3933
3932
8332
8333
8330
8331
8336
9247
6718
8335
6716
6717
8338
6715
6712
6713
6710
6711
9906
9907
9904
12140
9902
9903
9900
9901
9908
9909
3264
13489
6488
4044
4045
4046
4047
13751
4041
4042
4043
4048
4049
3665
3664
3667
3666
3661
3660
3663
3662
3669
3668
15356
3646
2579
2576
3268
2575
2570
2571
11458
11459
11454
11455
11456
11450
11451
11453
3593
3592
3591
3590
3597
3596
5038
5039
5036
5037
3599
3598
5032
5033
5030
5031
4435
4434
4437
4436
10120
4430
4433
4432
13914
4439
4438
11608
10127
14389
10126
11863
6483
12810
10125
10124
10474
10477
10471
10470
10473
10472
10479
10478
13483
12812
8927
8926
8925
8924
8923
11877
8921
11875
11879
8929
8928
3386
15179
5415
15177
15174
5416
15170
7100
7101
7102
7103
7104
7105
7106
7107
7108
7109
3383
3381
13484
13487
14776
14775
14773
28053
11572
7975
4239
4238
4237
4236
4235
4234
4233
4232
4231
4230
5591
5590
5593
5592
5595
5594
5597
5596
5599
5598
14728
7285
13694
15021
13696
13697
2988
13692
13699
7215
11201
11200
11203
11202
11205
11204
11207
11206
11209
11208
13901
10714
12227
12224
6061
6237
12222
12220
4219
12679
12678
7970
2692
12675
12228
12674
8699
12229
8698
2299
12676
6934
12671
6935
2294
19696
8127
8694
12672
8125
5902
6912
8696
8515
5903
8123
8122
10916
10914
10912
8693
10911
8692
15702
10918
10919
10318
10319
7924
7293
7294
9136
7920
9134
10646
10311
9139
9138
10314
10315
10316
7929
16429
16427
16421
10341
6299
6298
6297
6296
6295
6294
6293
6292
6291
6290
20809
10578
10579
8510
17562
4672
21311
8511
3438
3439
3430
3431
3432
17598
3434
3435
3436
3437
4592
4593
4590
4591
4848
10572
2031
4595
6913
4845
4846
4847
4840
4841
4842
4843
5201
11998
5203
5202
5205
5204
5207
5206
5209
5208
11993
3486
11995
11994
11997
11996
13412
4562
13410
13178
10344
4567
13172
13174
4566
11191
11190
14345
11192
11195
11194
11197
11196
11199
11198
14348
3049
3048
3041
3040
3043
3042
3044
3047
3046
4568
7407
3294
7523
12580
15690
15695
8518
11679
12587
11228
8682
12421
8680
8681
8686
8139
8684
12427
8134
6458
8688
8689
8130
8341
6909
8133
12250
13755
11222
7739
7738
7733
7732
7731
7730
7737
7736
7735
7734
3959
3958
3953
3952
3951
3950
19447
3956
3955
3954
8358
8359
8350
8351
8352
8353
8354
8355
8356
8357
10023
10020
4062
4063
4060
4061
4066
4067
4064
4065
4068
4069
5784
5785
5786
5787
5780
5781
5782
5783
5788
5789
3603
3602
3601
3600
3607
3606
3605
3604
3609
3608
13904
11438
11439
11432
11433
11431
11436
11437
11434
11435
17103
4453
4452
4451
4450
4457
4456
13344
4454
4459
4458
17660
4208
16859
6334
12164
6336
12166
12161
6331
6332
6333
12169
6339
9674
10452
9676
9677
10457
10456
9672
9673
10105
10104
10459
10458
9678
9679
10103
10102
12095
12094
12097
11858
11859
12096
8909
8908
8905
8904
11852
11853
11854
8900
8903
11857
12093
12092
7128
7129
7126
7127
7124
7125
7122
7123
7120
7121
2179
12098
13764
7955
4076
13760
7954
2829
2824
2820
2821
2823
5414
3387
3384
5417
3382
5411
5412
5413
4203
14755
14756
14757
5418
5419
3388
3389
5794
3962
5792
4215
4214
4217
4216
4211
4210
4213
4212
5790
13908
4218
18101
5579
5578
5577
5576
5575
5574
5573
5572
5571
5570
5799
3265
3969
10038
5003
3269
11229
5125
11227
11226
11225
11224
11223
10037
11221
11220
10788
13380
15377
10369
16628
6109
6108
6107
12757
6105
6104
12752
12753
12750
6100
10938
10939
10934
10935
10936
10937
10932
10933
9119
9118
9449
9448
9111
9446
9113
9112
9115
9114
9117
9116
12284
12286
12281
12282
12283
12288
12289
9530
6106
13235
12755
6103
6102
3416
12824
3414
3415
3412
3413
3410
8023
12751
8532
3418
3419
8533
8534
14283
8535
10664
10665
10666
4869
10660
8024
10662
10663
13481
4863
4860
8537
4866
4867
4864
4865
14101
14100
14103
14102
14105
14107
14106
14109
14280
13389
17712
9032
13155
13153
13150
13159
13158
10592
10593
10590
10591
10596
10597
10595
10598
10599
9034
16995
18664
7019
5617
7016
10250
7014
20359
7015
10255
10254
9447
7010
9110
10256
9445
9640
9444
9443
9442
12990
12992
12994
9441
12998
9440
14813
13378
13377
8118
8119
6929
6928
4467
6925
8113
6927
8111
6921
8117
6923
8115
7711
7710
7713
7712
7715
7714
7717
7716
7719
4462
4463
13371
13370
8376
8377
8374
8375
8372
8373
8370
8371
8378
8379
15072
15560
11636
4762
4008
4009
4198
13711
4001
4002
4003
13715
4005
4007
3971
3970
3973
3972
3975
3974
3977
3976
3979
3978
3629
3628
8140
3621
3620
3623
3622
3625
3624
3627
3626
4281
4287
11410
11411
11412
11414
11415
11417
11418
11419
16298
13999
8142
15790
4479
4478
14225
4471
4470
4473
4472
4475
13365
4477
13367
6447
15799
2464
6444
2462
2468
2469
10042
3385
3417
6312
6313
6310
6311
6316
6317
12145
6315
12149
6319
6442
3411
10439
10438
9650
9651
9656
9657
9654
9655
9304
9305
10433
9659
9300
10434
9302
10436
8969
8968
8963
8962
8961
5847
8967
8966
8965
8964
9455
1643
9456
9297
29498
9457
2809
2803
2800
24219
2806
2807
2805
5432
5433
5430
5431
5436
5437
5434
5435
3364
3365
5438
3367
3360
4868
3362
3363
4957
12172
10661
4273
4272
4271
4270
4277
4276
13964
13965
4279
4278
5555
4862
5557
5556
5551
5550
5553
5552
5559
5558
4861
9452
10668
10669
8589
8588
12178
8581
8580
8583
8582
8585
8584
8587
8586
13662
4754
15574
13664
5883
5882
5881
5880
5887
5886
5885
5884
5889
5888
6554
6555
6556
6557
6550
6551
6552
6553
15069
6559
5871
14108
12422
11293
11290
5879
7504
9886
7506
9884
7500
7501
7502
7503
10448
7508
3106
9889
9888
3107
10118
14556
9660
11077
6125
6124
6127
6126
6121
3102
12772
6122
14555
6129
12779
10447
10440
15975
10113
12425
10958
10959
10110
10952
10953
10111
10956
10957
10954
10955
16463
16465
16469
12426
13523
13520
2259
2257
2256
2254
4636
2196
13783
13780
13786
4800
2784
4802
4803
4804
2780
4806
4807
4808
4809
2789
2788
11605
9464
10600
9466
10606
9460
9463
9462
10608
10609
11609
9468
13789
11959
14129
14127
11954
11957
14124
14123
14122
11953
14120
17734
13929
8790
9793
9792
9791
9790
9797
9796
9795
9794
9799
9798
8791
9611
5733
14382
14381
11318
14386
14385
5739
12544
5738
8415
9411
16900
12978
12979
12977
12974
12975
12972
12973
12970
7081
7080
7083
7082
7085
7084
7087
7086
7089
7088
7584
9806
9805
8170
8171
6497
8173
8174
6490
8176
8177
8178
9803
6499
6498
9802
6949
6948
9801
6943
6942
6941
6940
6947
8507
6945
6944
26763
7352
8398
8399
8394
8395
8396
8397
8390
8391
8392
8393
4398
4399
4390
4391
4392
4393
4394
4395
8160
4397
3197
3196
3194
3193
3192
3191
3190
3199
3198
8167
4026
4027
4024
4025
4022
4023
4020
4021
9418
4028
4029
11380
11381
11382
11383
11384
11385
11387
11388
8902
15442
9905
3999
3998
3997
3996
3995
3994
3993
3992
3991
3990
8165
11736
8552
12549
8553
13721
15864
2442
12525
2446
2444
12524
2449
12527
7867
7866
7865
7864
7863
7862
7861
7860
8093
8556
9511
7869
7868
15203
12522
6378
12128
4144
6370
6371
6372
6373
6374
6375
6376
6377
10141
10415
10414
10413
10144
10147
10146
10149
10148
10419
10418
9638
9639
9328
9329
9630
9323
9632
9321
9634
9635
9636
9637
8941
8940
8943
8942
8945
8944
8947
8946
8949
8948
8555
3853
14729
3390
3393
3392
3395
3394
3207
5183
5180
5181
3203
5187
5184
5185
1999
5188
5189
3209
14721
3535
9183
2860
2862
2863
2865
2866
2867
2868
2869
10172
5054
14715
5055
14718
14719
8047
14249
5458
5459
3348
5057
5450
5451
5452
5453
5454
3347
5456
3345
10363
9189
4259
4258
4251
4250
4253
4252
4255
4254
4257
4256
5533
5532
5531
5530
5537
5536
5535
5534
5539
5538
9520
4260
4261
13973
6572
6573
6570
6571
6576
6577
6574
12212
6578
6579
12211
7694
7695
7696
7697
7690
7691
7692
7693
6226
7698
7699
12216
3834
3835
3836
3837
3830
3831
3832
3833
5101
6225
3838
3839
12219
12218
12668
7522
12666
7520
7521
7526
7527
7524
7525
15418
7528
7529
12664
12665
6653
12663
6143
6142
6141
6140
6147
6146
6145
6144
6149
6148
8110
10970
10971
10972
6926
10974
10975
10976
10977
10978
8116
3204
6920
8114
16176
6922
16177
6468
16488
22705
2275
10509
2273
10508
2279
2278
11596
11591
11590
11593
11592
11599
11598
11107
9765
17284
17534
10503
2053
9769
4538
4539
4828
4829
4826
4827
4536
4537
4530
4531
4820
4533
7980
7981
11621
7983
9407
7985
9405
7987
7988
7989
9409
9408
10624
10625
10626
10627
11979
11978
11973
11972
11971
11977
11976
11975
11974
17759
17755
13199
13198
14200
13191
13190
13197
13194
6380
14201
13429
8312
13427
13426
4554
7324
7325
7326
7327
7320
7321
7322
7323
10084
10085
10086
10087
7328
7329
10082
10083
4550
13420
2091
15674
15676
12957
12950
12951
12952
12953
11238
7069
7068
7067
7066
7065
7064
7063
7062
7061
7060
4844
11684
10400
6961
12483
12480
12481
12486
6964
6967
8159
8156
6968
8626
8627
8152
8621
8622
8623
11230
5899
7220
9988
9989
9986
9987
9984
9985
9982
9983
9980
9981
11025
14504
11027
11026
11021
11020
11023
11022
7032
11029
11028
11368
11369
11366
11367
11364
11365
11362
15677
7225
11361
5460
3789
1776
5271
5463
1772
5465
6688
6689
6680
6681
6682
6683
6684
6685
6686
6687
7228
2420
2423
2424
2427
16837
16346
7849
16340
16831
7845
7844
7847
7846
7841
7840
7843
7842
6356
6357
6354
6355
12103
6353
6350
6351
6358
12108
3461
9340
9341
9614
9343
9344
9613
9610
9347
10167
10166
10165
10164
10163
10162
10161
9619
6077
1816
9244
14882
14884
12084
6074
12082
13719
12080
14080
2165
14083
14084
10106
9246
2166
3229
3228
3225
3224
3227
3226
3221
3220
3223
3222
13276
13277
13272
13273
13270
2162
13712
2848
2849
2846
4004
2844
2842
2843
2840
13714
5476
5477
5474
5475
5472
5473
5470
5471
3328
12405
13716
5478
5479
5519
5518
11109
5511
5510
5513
5512
5515
5514
5517
5516
15468
3034
3035
10798
3036
10799
11101
10028
11106
11628
10029
3031
10794
4000
14464
10795
14465
3296
6518
6519
3297
6510
6511
6512
6513
6514
6515
6516
15026
10792
3293
3812
3813
3810
3811
3816
3817
3814
3815
3818
3819
8457
8456
8455
8454
8453
8452
8451
8450
8459
8458
7548
7549
7540
7541
7542
7543
7544
7545
7546
7547
16134
16132
16133
16130
6169
6168
6161
6160
6163
6162
12734
6164
6167
6166
10998
10999
10996
10997
10994
10995
10992
10993
10990
10991
7349
5200
9774
10080
6138
12768
5604
10081
2219
2218
12589
6132
6133
12760
12767
5602
9771
12583
17519
12765
12582
12581
4518
4519
4512
4513
4510
4511
4516
4517
4514
4515
9429
11648
8525
9421
11640
9423
9422
9425
9424
9427
11646
5289
5288
5281
5280
5283
5282
5285
5284
5287
5286
10242
10243
6406
7003
7302
7303
7300
10241
7306
9288
7304
7305
9285
9284
9287
9286
9281
9280
9283
9282
11911
11910
11913
11912
11915
9023
11917
6407
11918
18428
9022
12933
12931
12936
12937
12938
12939
7045
10207
7047
10205
7041
6404
7043
7042
7049
7048
10208
10209
13700
8022
8608
8609
6989
6988
6987
8603
6985
8601
6983
6982
8604
6980
13361
13362
2989
14696
14690
14692
2983
13364
2981
2980
2986
2985
4474
9106
13366
4476
9494
4358
4359
4354
4355
4356
4357
4350
4351
4352
4353
11003
11002
11001
11000
11007
11006
11005
11004
11009
11008
9104
9496
12550
12429
11345
11346
11347
11340
11341
3312
11343
11348
11349
5708
5709
5704
5705
5706
5707
5700
5701
5702
5703
3315
1437
12455
12454
12724
6491
8901
15336
12451
13661
13989
12453
14019
6423
12809
6895
13987
14018
12551
13983
12697
12695
12693
12692
12699
12698
10835
10834
10837
10836
10831
10830
10833
10832
10839
10838
9652
7829
7828
7823
7822
7821
7820
7827
7826
7825
7824
9653
4926
9368
9369
9366
9367
9364
9365
9362
9363
9360
9361
8985
8984
8987
8986
8981
8980
8983
8982
8989
8988
3799
3798
3795
3794
3797
3796
3791
3790
3793
3792
4981
4980
4983
4982
4985
4984
4987
4986
4989
4988
2408
9268
1955
1956
1951
14067
3249
3248
3243
3242
3241
3240
3247
3246
3245
3244
14010
13259
13255
13251
14208
5498
5499
3150
3309
5494
5495
5496
5497
5490
5491
3300
5493
12143
11104
12142
12141
2799
12147
6314
1995
12144
13678
2792
4748
2793
6318
2791
9346
13672
14564
13494
9658
4742
13495
13670
4142
12121
8291
8290
8293
8292
6532
8294
8297
6531
8299
8298
15559
8792
6538
6539
8793
8794
8795
8796
11105
8245
3878
3879
3870
3871
3872
3873
3874
3875
3876
3877
8479
8478
8475
8474
8477
8476
8471
8470
8473
8472
7566
7567
7564
5866
7562
7563
7560
7561
10129
7568
7569
10128
9308
9309
10123
10122
3110
10121
4167
4166
4165
13895
4163
4162
4161
4160
10435
4169
4168
10437
9303
2230
5937
5936
5935
5934
5933
5932
5931
5930
5939
5938
13519
3498
3499
3496
3497
3494
2184
3492
3493
3490
3491
4570
13517
13403
4573
4574
4575
13407
4577
4578
4579
8423
11667
11665
11664
11663
11662
11661
11660
13513
11668
13511
4601
17796
9015
5740
8960
12556
5748
11301
7368
7369
13769
7360
7361
7362
7363
7364
7365
7366
7367
12316
12317
12315
12312
12313
12310
12311
11937
11936
11935
11934
11932
11931
11930
12918
15631
12912
15633
12914
12917
9007
9006
7021
7020
7027
9002
7025
7024
13921
10225
7029
7028
10220
10221
9009
10223
7597
9833
7595
7594
9836
15945
7799
7798
7591
7791
7790
7793
7792
7795
7794
7797
7796
15611
6092
3336
6095
4378
4379
8004
4372
4373
4370
4371
4376
4377
4374
4375
11069
11068
11061
11060
11063
11062
11065
11064
11067
11066
8660
8661
8662
8663
8664
8665
8666
8667
8668
8669
17897
4080
4081
4082
4083
4084
4085
4086
4087
4088
4089
9128
11323
11320
11321
11326
11327
11324
11325
11328
11329
5728
5729
19137
5723
5720
5721
9129
5727
5724
5725
11498
11499
11490
11491
11492
11493
11494
11495
8084
8085
8086
8087
8080
8081
8082
8083
14032
8088
8089
12446
16569
16567
13604
6648
6649
6644
6645
6646
6647
6640
12447
6642
6643
10813
10812
10811
10810
10817
10816
10815
10814
10819
10818
7801
7800
7803
7802
7805
7804
7807
7806
7809
7808
12444
16301
16303
16307
6398
6399
6392
6393
6390
6391
6396
6397
6394
6395
2397
2395
2392
2390
2391
2398
9190
5692
12443
5693
3843
15640
2172
2170
3842
4969
4968
4967
4966
4965
4964
4963
4962
4961
4960
14044
12440
3847
14043
3846
14049
3261
3260
3263
3262
5128
5129
3267
3266
5124
3368
5126
5127
5120
5121
5122
5123
7944
7945
7234
7235
13233
13230
13231
3366
13234
7941
14956
14957
14222
5439
7942
14226
14951
14736
7943
14959
10376
10377
14735
9670
10372
10373
10370
10371
6886
6887
6884
6885
6882
6883
6880
6881
12874
6888
6889
17952
13962
13963
8279
8278
8277
8276
8275
8274
8273
8272
8271
8270
9515
4275
10773
4274
10770
9516
12208
10777
10774
10775
12659
12204
8419
8418
12205
8413
8412
8411
8410
8417
8416
8265
8414
12207
7588
7589
9809
9808
9807
7585
7586
9804
7580
7581
7582
9800
12653
12202
6232
12193
12651
6661
9197
6666
12656
6482
6951
6665
6480
6481
4149
4148
4145
6486
4147
4146
4141
4140
4143
6487
3856
3857
3854
3855
3852
6956
3850
3851
6957
3858
3859
15427
13967
11823
11822
15426
16142
5919
5918
5915
5914
5917
5916
5911
5910
5913
5912
12823
17222
10512
4558
4559
4556
4557
13425
4555
4552
9777
13421
4551
10511
11689
11688
11685
10516
11687
11686
11681
11680
11683
11682
10514
10515
15423
9616
20623
15422
16796
13438
3002
16793
13439
12086
6076
6075
12085
6073
6072
6071
6070
12088
6078
2617
2616
2614
2613
2610
2618
7346
7347
7344
7345
7342
7343
7340
7341
10026
10027
10024
10797
10790
10791
7348
10021
1971
13435
12338
12339
12334
12335
12336
13437
12331
12333
7009
7008
10248
10249
9029
9028
9025
9024
10240
7002
10246
10247
7007
7006
18686
24015
11699
2949
2948
2946
2945
2944
2943
2941
5357
5356
5355
5354
5353
5352
5351
5350
5359
5358
4310
4311
4312
4313
4314
4315
4316
4317
4318
4319
11047
11046
18024
11044
11043
11042
11041
11040
12091
11049
11048
3119
3118
3117
3116
3115
3114
3113
3112
3111
14730
15962
15963
8648
8649
8646
8647
8644
8645
8642
8643
8640
8641
6558
11308
5741
5742
5743
5744
5745
5746
5747
11300
5749
11302
11303
11304
11305
11306
11307
3185
12731
14189
3183
1702
5264
15672
10193
12536
15217
12534
12535
12532
12531
12538
12539
15438
2136
14731
14187
14186
16094
6668
6669
6662
6663
6660
12650
12657
6667
6664
12654
10879
10878
10871
10870
10873
10872
10875
10874
10877
10876
19515
16899
15066
4942
15912
2376
2371
2373
21234
15439
1872
13562
1878
4945
4944
4947
4946
4941
4940
4943
6043
4949
4948
6613
2119
2113
14027
14024
13708
5108
5109
17052
3289
3288
5102
5103
5100
3284
3283
5107
5104
5105
13210
14325
13212
13214
13216
11136
13218
4013
10499
10498
10497
10496
10495
10493
10492
10491
14452
14799
12075
11131
14791
14794
14971
14972
14973
11399
13705
9887
7505
6617
9885
13563
7507
14459
9883
9882
9881
12529
9880
6868
6869
6864
6865
6866
6867
6860
6861
6862
6863
9582
7350
9580
7509
4553
9581
15395
7355
9587
8255
8254
8257
8256
8251
9584
8253
8252
2659
7356
8259
8258
7359
8789
8788
10012
15511
8782
8781
8780
8787
8786
8785
8784
9237
7618
7619
7614
5106
7616
7617
7610
7611
7612
10016
9232
10014
8431
8430
8433
8432
8435
8434
8437
8436
8439
8438
15585
4576
9825
9824
9827
9826
9821
9820
9823
9822
9829
9828
12774
12775
9143
6120
8516
6123
9140
8517
12773
8042
12597
15297
8512
8045
4129
4128
6152
12592
4123
4122
4121
4120
4127
4126
4125
4124
5689
5688
5685
5684
5687
5686
5681
5680
5683
5682
4195
22785
1634
4193
13861
11519
11515
11514
11517
11516
11511
11510
11513
11512
15292
5979
5978
1906
5973
5972
5971
5970
5977
5976
5975
5974
13431
15293
13432
15290
6737
14975
2586
2585
2582
15291
2589
13882
6059
6058
6055
6054
6057
6056
6051
6050
6053
6052
10004
10005
10006
10007
2639
10001
10002
10003
2635
2634
2637
2636
10008
10009
2633
2632
9599
9598
9229
9228
9227
9594
9597
9596
9223
9590
9221
9220
12358
12359
12352
12353
12350
12351
12356
12357
12354
12355
10260
10261
10262
10263
10264
10265
10266
10267
10268
10269
9049
9048
9043
9042
9041
9040
9047
9046
9045
9044
3544
3545
3546
3547
3540
3541
3542
3543
3548
3549
5400
2078
2965
2964
2967
2966
2961
2960
2962
2969
13888
5379
5378
5375
5374
5377
5376
5371
5370
5373
5372
13005
13006
13001
13000
13003
13009
13008
4338
4339
4336
4337
4334
4335
4332
4333
4330
4331
3135
3134
3137
3136
3131
3130
3133
3132
3139
3138
3015
6971
15985
13374
13457
5768
5769
5766
5767
5764
5765
5762
5763
5760
5761
15186
15187
15180
15188
15189
16124
8192
8193
6435
8191
8196
6432
6431
12514
12515
8195
12510
12511
12512
12513
7427
7426
7425
7424
7423
7422
9306
7420
7429
7428
6359
6600
6601
6602
12632
12635
6605
6606
6607
6608
6609
10857
10856
10855
10854
10853
10852
12718
10850
10859
10858
9301
12189
12188
12187
12186
12185
12184
12183
12182
12181
4571
2358
2359
2352
2350
2356
4572
1899
3739
3738
3737
3736
3735
3734
3733
3732
3731
3730
13580
4690
4921
4692
4927
4694
4697
4924
4699
4698
4929
4928
11727
11724
11723
11720
11721
9413
11729
5160
5161
5162
5163
5164
5165
5166
5167
5168
5169
14005
2781
17072
4805
4776
2783
13646
2782
4774
9698
9699
9696
9697
9694
9695
9692
9693
9690
9691
14919
13641
14913
14911
14915
8250
9465
10603
11607
10601
9461
10607
10604
11602
10704
6848
6849
6304
6842
6843
6840
15750
6846
6307
6844
6845
12157
6676
9469
12151
18250
14573
12152
14574
15271
6302
8233
6591
8231
8230
6594
8236
8235
6597
6598
6599
8239
8238
15539
8783
7638
7639
7632
7633
7630
7631
7636
7637
7634
7635
11955
10628
11951
9169
11950
9843
9842
9841
9840
9847
9846
9845
9844
9849
9848
5812
16033
16032
3092
3093
19406
3091
3097
3094
3095
3098
5817
4101
4100
4103
4102
4105
4104
4107
9644
4109
4108
7613
9315
9646
13512
9313
9312
3898
3899
9311
3892
3893
3890
3891
3896
3897
3894
3895
9165
15995
6986
5951
5950
11539
5952
5955
5954
5957
5956
5959
11532
11531
11530
11537
11536
11534
13500
6984
13503
11809
17080
10620
4617
13507
9161
11808
10622
6981
6039
6038
6033
6032
6031
6030
6037
6036
6035
6034
9205
9204
9207
9206
10066
9200
10064
10065
2653
2652
10068
10069
9209
9208
2655
2654
14889
7388
7389
9417
7382
7383
7380
7381
7386
7387
7384
7385
12370
12371
13419
12373
12374
12375
12376
12377
12378
12379
9061
9060
9063
9062
9065
9064
10288
10289
10286
9068
10284
10285
10282
10283
10280
10281
9342
3562
3563
3561
3566
3564
3565
3568
3569
4484
4485
4486
4487
4480
4481
4482
4483
17089
4488
4489
2903
2902
2901
2900
2907
2906
2905
2909
2908
11883
11882
11881
11880
11887
14618
11885
11884
11889
11888
14610
5319
5318
20192
5313
5312
5311
5310
5317
5316
5315
5314
13023
13021
13020
13027
13026
13024
13029
13028
30114
15264
2071
3216
3153
3152
11089
11088
3157
3156
3155
3154
11083
11082
3159
3158
11087
11086
11085
11084
20223
10648
1636
2485
12248
10649
2483
10647
8574
8575
8576
8577
8570
8571
8572
8573
8578
8579
12578
15015
12572
12573
12570
15251
12576
12577
15254
12575
7409
7408
7405
7404
10645
7406
7401
7400
7403
7402
16507
16506
12249
6628
12618
6626
6627
6624
6625
6622
6623
6620
6621
19883
2301
15221
14553
10640
12507
12298
13625
4715
13627
4717
4710
4711
4712
13622
2339
4718
4719
10728
3715
3714
3717
3716
3711
3710
3713
3712
3719
3718
15657
8189
2717
4909
4908
2488
4678
4901
2487
4903
13565
4905
4904
4671
4670
11708
14709
8188
11704
11705
11706
11707
11700
11701
11702
11703
2719
5148
5149
5146
5147
5144
5145
5142
5143
5140
5141
10725
7221
15354
10698
10349
5425
10348
10724
3376
7953
5427
7952
3374
7951
5421
7226
3372
7229
3371
10342
13530
5422
10693
7247
7246
7245
7244
7243
7242
7241
7240
10695
7249
10346
7959
9163
6820
6821
6822
6823
6824
6825
6826
6827
6828
6829
15889
10721
10544
10547
10546
10541
10540
10543
10542
15350
10549
10548
12645
10979
10720
8817
8816
8815
14933
8813
8812
8811
8810
8819
12641
8219
8218
12642
8749
6494
8211
8746
8213
8744
8743
8214
8741
8740
7650
7651
7652
6496
7654
7655
7656
7657
7658
7659
3391
8175
12279
6493
12278
12648
6492
16087
10405
8179
13954
12294
10748
13952
9869
10747
10406
10589
9861
9860
9863
9862
9865
9864
9867
9866
11146
14424
6243
11142
11140
11141
12275
14428
11149
10407
12277
6247
18139
6962
14669
13816
13814
10602
13810
NULL
11838
11839
15477
14660
11837
14662
14663
14840
11551
11550
11553
11552
11555
11554
11556
11559
14843
14554
13582
6969
14992
6807
16264
17884
16260
5891
6011
6010
6013
6012
6015
6014
6017
6016
6019
6018
10605
17240
9263
9262
9261
9260
9267
9266
9265
9264
10736
10041
9269
10043
10732
10733
10046
10731
12398
12396
12397
12394
12395
12392
12390
9089
9088
9087
9086
9085
9084
9083
9082
9081
9080
21597
3508
3509
5089
5088
3500
3501
5081
3503
5087
5086
5085
5084
2670
2673
2672
2675
2674
2677
2676
2678
2929
2921
2920
2923
2922
2925
2924
2927
2926
5331
5330
5333
5332
5335
5334
5337
5336
5339
5338
14637
14634
13446
13049
13048
13041
13042
15076
18730
15077
3178
2037
11824
17814
3171
3170
3173
3172
3175
3174
3176
20248
6541
4396
2785
12267
5253
15270
12807
8550
8551
8008
8009
8554
12557
12558
8005
8006
8559
8000
8001
8002
8003
14479
7469
7468
2787
7463
7462
7461
7460
7467
7466
7465
7464
16078
16070
16077
16074
10899
10893
13353
10891
10890
10897
10896
10895
10894
14737
7030
4686
4687
4932
4933
4682
4935
4732
4733
13601
4731
4736
4737
4734
13736
4738
4739
13735
5854
5855
5856
5857
5850
5851
5852
5853
13733
5858
5859
3773
3772
3771
3770
3777
3776
3775
3774
3779
3778
4655
4654
4657
4656
4651
4650
4653
4652
17383
13598
4659
4658
17384
7889
7888
11769
7881
11763
7883
13738
11766
7884
7887
7886
7035
14440
14337
7036
11123
11389
14332
11127
10387
10386
10385
10384
10383
10382
10381
10380
10389
2638
7269
7268
13338
7265
7264
7267
7266
7261
7260
7263
7262
6204
6205
6206
6207
6200
6201
12233
6203
6208
6209
6808
6809
15865
5119
6804
15714
6802
6803
6800
6801
10563
10562
9746
10560
10567
10566
9742
9743
10569
10568
9748
9749
17978
18928
8839
8838
8835
8834
8837
8836
18927
8830
8833
8832
3011
16670
9595
7678
9226
7676
7677
7674
7675
7672
9225
7670
7671
9224
9591
16676
9222
9593
1759
16678
9592
13332
8722
11168
11169
14404
11166
11167
11160
11161
11162
11163
8765
8764
8767
8766
8761
8760
8763
8762
12705
8769
8768
13834
8053
13836
13837
13830
12707
13832
8500
6157
4031
8503
8502
12708
12873
8504
8055
5629
5628
5627
5626
5625
5624
5623
5622
5621
5620
8493
8492
8491
8490
8497
8496
8495
8494
8499
8498
10966
5995
5994
5997
5996
5991
5990
11579
11578
11577
11576
11575
13877
5999
5998
11571
11570
14191
10960
10244
6781
6780
6783
6782
6785
6784
6787
6786
6789
6788
10245
15030
10667
7499
15031
6352
12005
12002
12003
12000
2888
9249
9248
2889
9539
9538
9537
9240
9535
9242
9533
9532
9531
4673
21605
3698
3699
3690
3691
3692
3693
3694
3695
3696
3697
21558
3526
3527
3595
3525
3522
3523
3520
3521
3528
3529
14639
3594
10715
10716
10717
10710
10711
10712
10713
2697
2696
2695
2694
10718
10719
2691
14650
14877
14654
14873
14872
14878
13064
13061
13060
30408
13069
13068
12400
11371
18714
10951
10179
7882
7885
15375
7199
7198
7193
7192
7191
7190
7197
7196
7195
7194
12473
12471
8538
8539
8028
8029
12828
12829
15299
8530
8531
8020
8021
8026
8027
8536
8025
7441
7440
7443
7442
7445
7444
7447
7446
7449
7448
10423
12474
5554
2267
8187
6409
10420
15766
4282
4283
4280
13990
4286
13996
4284
4285
15762
4288
4289
10170
12116
10426
4758
4759
4750
4751
4752
4753
13665
4755
4756
13666
5872
5873
5870
11299
5876
5877
5874
5875
11292
16018
5878
11291
11296
11297
11294
11295
3759
3758
3751
3750
3753
3752
3755
3754
3757
3756
4633
4632
4631
4630
4637
13527
4635
4634
2199
4639
4638
11740
11741
11742
11743
11745
11746
11747
11748
11749
2640
13298
13290
13291
13292
13294
13650
6946
6194
6195
6196
6197
6190
6191
6192
6193
13654
6198
6199
13655
2734
2735
2737
2730
2731
2732
13657
2739
9186
9187
9184
9185
9182
10368
9180
9181
10364
10367
10366
10361
10360
9188
10362
12129
7209
7208
6379
7203
7202
7201
7200
7207
7206
7205
7204
6222
6223
6220
6221
12217
6227
6224
12214
6228
6229
15233
11610
10672
15841
11611
15847
9762
9763
9760
9761
9766
9767
9764
10636
10501
9768
10502
10505
10504
10507
10506
12122
12125
12124
8859
8858
11618
8853
8852
8851
8850
8857
8856
8855
8854
10417
10143
10142
13450
10145
10412
5274
5275
5276
5277
5270
10411
5272
5273
10410
5278
5279
10424
14132
10228
11940
11108
14469
3038
3039
11102
11103
11100
3037
3030
14467
3032
3033
8703
8702
8701
8700
8707
8706
8705
8704
15598
8709
8708
13852
13854
13855
5605
9322
5607
5606
5601
5600
5603
9631
5609
5608
9633
9326
9327
9324
9325
14511
6424
6425
6426
6427
6420
6421
6422
12452
6428
6429
10680
10226
22252
12258
13211
10310
6769
6768
6767
6766
6765
6764
6763
6762
6761
6760
9977
9976
9975
9974
9973
9972
9971
9970
9979
9978
12024
12025
12027
12021
12023
15054
16220
12028
12029
10222
11395
10677
10685
11394
15313
5095
2509
2508
2506
2504
2503
2501
17177
5049
5048
5047
5045
5044
5043
5042
5041
5040
15051
10772
9514
9517
10771
10776
9510
9513
9512
10778
10779
9519
9518
14853
14852
14857
11828
14679
14678
11825
14676
11827
11826
11821
11820
14671
14670
10059
13085
13084
13081
13083
13082
0
10058
5182
1990
3205
10090
10057
5186
3202
10196
10197
10194
10195
10192
3201
10190
10191
3200
10198
10199
10056
10055
15107
15105
15103
10675
8040
8041
8514
8043
8044
8513
8046
12593
8048
8049
12599
10449
8519
12848
12849
12842
12843
12840
12841
12847
12844
12845
4117
2522
7982
4111
9497
11464
10444
7984
13577
2701
4777
13645
4775
4772
4773
4770
4771
4778
4779
14247
15669
5818
5819
5810
5811
19027
5813
5814
5815
5816
16030
10354
12571
4889
14241
17616
4619
4618
4611
4610
4613
4612
4615
4614
13506
4616
12947
4880
14248
2704
12944
2707
7421
4884
6924
2700
2703
13572
10688
3342
10689
3340
2712
2710
2711
2716
7964
2714
2715
3346
7965
5455
7957
7956
7223
7222
9168
7224
7227
7950
9164
10690
9166
9167
9160
10694
9162
7958
9174
10686
10687
6248
6249
9171
12271
6241
6242
12272
6244
6245
6246
12276
10527
10526
10525
10524
10523
10522
10521
10520
7927
10528
9708
9709
9700
9701
9702
9703
9704
9706
9707
8871
8870
8873
8872
8875
8874
8877
8876
8879
8878
12633
13315
6603
7615
13314
6604
13317
12634
6976
4407
12637
8162
13311
7925
12493
12639
6975
13313
12638
15911
13312
6973
5252
10758
5250
5251
5256
12497
5254
5255
7922
14193
5258
5259
14196
15820
12269
15825
15828
13945
11120
11121
11122
14335
11124
11125
11126
12263
11128
11129
13947
12260
3018
10753
11508
3013
3010
11509
3016
3017
3014
6256
8729
8728
8721
8720
8723
6254
8725
8724
8727
8726
4189
4188
7921
10702
4181
13871
4183
4182
4185
4184
4187
4186
5663
5662
5661
5660
5667
5666
5665
5664
12139
5669
5668
10333
14830
11801
10203
11800
10330
14834
2741
10200
6402
6403
6400
6401
12477
15316
12475
6405
8185
8184
6408
8186
8181
8180
8183
8182
7764
7765
7766
7767
7760
7761
7762
7763
10201
7768
7769
3904
3905
3906
3907
3900
3901
3902
3903
3908
3909
6745
6744
6747
6746
6741
6740
6743
6742
11637
6749
6748
15075
6903
10337
9710
7718
12132
9959
9958
9955
9954
9957
9951
9950
9952
16754
16759
12133
12042
12043
12040
12046
12047
12044
12045
8888
12048
12049
10335
3471
12130
11632
11500
2747
12131
3479
3658
3659
3654
3655
3656
3657
3650
3651
3652
3653
2524
2527
2526
2521
2520
2523
12136
11465
12423
11467
11466
11461
11460
11463
11469
11468
5065
5064
5067
5066
5061
5060
5063
5062
5069
5068
10787
17405
17403
2748
4408
4409
4404
4405
4406
13316
4400
4401
4402
4403
9573
9572
9571
9570
9577
9576
9575
9574
10750
10751
9579
9578
10754
10755
10756
10757
5393
5392
5391
5390
5397
5396
5395
5394
11803
11802
5399
5398
11806
11805
12825
6990
2664
6590
15041
12827
9397
9396
9395
9394
9393
9392
9391
6575
9399
9398
12820
6592
15123
15128
13596
2663
12273
6593
7159
7158
7157
7156
7155
7154
7153
7152
7151
7150
18750
12862
8068
8069
8066
8067
8064
8065
8062
8063
8060
8061
7485
7484
7487
7486
7481
7480
7483
7482
11874
7489
7488
6595
2898
2895
2894
2896
2891
2890
2893
2892
12274
6596
12853
5240
15927
17699
6907
13136
13131
4691
13590
4922
4693
4920
4798
4799
6905
4794
4695
4796
4797
4790
4791
4792
4793
5836
5837
5834
5835
5832
4925
5830
11259
11256
11254
4696
11252
11253
5838
5839
13588
6904
13589
13724
3287
6495
13727
11784
11785
11786
11787
11780
11781
11782
11783
11788
11789
6902
3004
6900
12788
14300
12781
12783
12782
1076
17369
12787
10321
10320
10323
10322
10325
3003
10327
14009
4893
4892
4891
2773
4897
4896
4895
2777
9498
9499
9148
7979
7978
9490
9491
7977
9493
7971
9147
9144
7972
6266
6267
12255
12254
6262
6263
6260
6261
6268
3008
14000
4900
14001
9726
9727
9724
9725
9722
9723
9720
9721
9728
9729
21456
3466
3465
3464
3463
3462
8899
8898
8897
8896
8895
8894
8893
8892
8891
8890
4902
5238
5239
5230
5231
5232
5233
5234
5235
5236
5237
13126
13124
13125
13122
15809
13121
15802
13129
6217
12854
4907
3070
3071
3072
3073
3074
3075
3076
3077
14314
3079
14311
12712
19640
12713
4906
12710
12711
12716
10331
5649
5648
12491
5641
5640
5643
5642
5645
5644
5647
5646
12719
12866
12867
13171
10973
14805
12419
6469
6460
6461
6462
6463
6464
6465
6466
12416
7742
7743
7740
7741
7746
7747
7744
7745
7748
7749
3922
3923
3920
3921
3926
3927
3924
3925
3928
3929
6723
8306
8305
8304
8303
8302
8301
8300
6729
6728
8309
8308
5655
4825
12494
9939
9938
9933
9932
9930
9937
9936
9934
4822
16770
16772
6099
6098
10293
6091
6090
6093
12063
12064
6094
6097
12067
12806
4823
12496
3295
3678
3679
3672
3673
3670
3671
3676
3677
3674
3675
4821
2541
2540
2547
2546
2545
2549
2548
11443
11442
11441
11440
11447
11446
11445
11444
11449
11448
3580
5002
5001
5000
5007
5006
5005
3587
3588
3589
5009
5008
12213
13958
17420
13339
4429
4422
4423
4420
4421
4426
4427
4424
11619
9559
9558
3291
9551
9550
9553
9552
9555
9554
9557
9556
3292
12210
13490
15907
2274
13037
12153
12591
8934
8935
14815
8937
8930
14812
8932
8933
11869
11868
8938
8939
15870
15141
15147
15145
7175
7174
7177
7176
7171
7170
7173
7172
7179
7178
8628
2917
10298
1695
1691
8629
12888
12886
12885
12883
12880
12881
12468
12469
14764
14766
14769
6415
15758
6414
23021
16959
12466
6416
12808
6410
4228
4229
13935
4225
4226
12463
4220
4221
13933
4223
5586
5587
5584
5585
5582
5583
5580
5581
5588
6847
15754
11274
11275
11276
11277
11270
11271
11272
11273
13683
13681
11278
11279
13684
4923
13398
25681
17530
12137
2280
2282
2287
8505
8314
6731
15909
6732
10905
4534
10907
6733
10901
10900
10903
4535
6734
10909
4824
8311
9120
9121
9122
9123
9124
9125
9126
9127
10655
13441
10657
10304
10651
10302
10301
10300
7919
7918
13443
4795
7913
7912
7911
7910
7917
7916
7915
7914
9403
6288
6289
11622
6284
6285
6286
6287
6280
6281
6282
6283
11620
11627
10019
9406
13796
7986
11624
6079
10621
1818
11629
5833
10623
3449
3448
3445
3444
3447
5831
3441
3440
3443
3442
2024
2754
2027
2752
2021
2750
2751
12135
2758
9835
10152
11255
3146
10401
3147
10402
5216
5217
5214
10151
5212
11250
5210
5211
14156
9331
14154
14155
14152
14153
5218
5219
10154
3534
10155
12318
13108
13104
13105
13107
13100
13101
13102
13103
14485
18305
12319
17930
3058
3059
3056
4801
3054
3055
3053
3050
14375
4597
10013
14319
9622
10011
10010
6338
6914
6915
12435
6445
6910
6443
6440
6441
6918
15428
6448
6449
14807
7728
7729
7720
7721
7722
7723
7724
7725
7726
7727
3948
3949
6088
3940
3941
3942
3943
3944
3945
3946
3947
6709
6708
8329
8328
12076
6701
6700
8327
6702
8321
6704
8323
8322
9911
9910
9913
9912
9915
9914
9917
9916
9919
6082
12072
12174
10206
12175
4057
4056
4055
4054
13742
4052
4051
4050
4059
4058
3610
3611
3612
3613
3614
3615
3616
3617
3618
3619
12173
4180
2568
2561
2563
2562
2564
2567
2566
11429
11428
11423
11422
11425
11424
11426
5029
10117
5021
5020
5023
5022
5025
5024
5027
5026
4440
4441
4442
4443
4444
4445
13357
13356
4448
4449
10114
36701
14091
14930
1240
1535
3397
13979
10466
10467
10464
10465
10462
10463
10460
10461
10088
10468
10089
12237
8912
8913
8910
8911
8916
8917
8914
8915
11847
11846
11845
8919
11843
11842
11841
11840
15168
5196
15161
3279
15166
1961
7113
7112
7111
7110
7117
7116
7115
7114
7119
7118
12231
7290
15137
12179
4498
13148
14747
14746
14744
7292
14355
4106
13919
4209
4202
15670
4200
4201
4206
4207
4204
4205
5568
5569
5564
5565
5566
5567
5560
5561
5562
5563
12462
12261
7295
11212
11213
11210
11211
11216
11217
11214
11215
11218
11219
13833
19045
14271
14270
14277
2778
2779
14274
4899
15244
7969
10324
10326
2770
10328
2772
4890
2774
2775
16181
10378
4894
16633
6118
6119
16414
6114
6115
6116
6117
6110
6111
6112
12742
17328
10922
10921
10920
10927
10926
10379
10924
10929
10928
17325
7283
7282
7281
7280
9458
9459
7937
9109
7939
9107
10671
9105
9102
9103
9100
9101
9142
7974
16455
9492
16457
12299
7976
12293
9146
12291
12290
12297
12296
12295
9495
7973
9145
5034
6264
6265
12253
12252
14516
3429
3428
12251
3423
3422
3421
3420
3427
3426
3424
13306
12621
4589
4588
4859
4858
4585
4856
4587
4586
4581
4852
4583
4582
14174
12482
14176
14170
12624
6960
6614
6963
13303
11989
6965
11980
13301
11986
11987
11984
11985
12629
8158
6966
10581
8624
13168
10582
10585
10584
10587
8625
13162
10588
13161
13166
13167
13164
11182
11180
11181
11186
10025
11185
8620
11188
11189
5953
8153
15465
11538
8150
8151
17911
11533
5958
12986
12985
12984
12983
12981
12980
18150
12989
10729
12584
14827
6932
6933
6930
6931
6936
6937
8129
8128
8695
8126
8697
8124
8691
8690
8121
8120
7706
7707
7704
7705
7702
7703
7700
7701
7708
7709
9420
7514
9320
19185
8349
8348
8343
8342
7936
8340
8347
8346
8345
8344
14078
5133
4079
4078
4075
4074
4077
3460
4071
4070
4073
4072
3966
5796
3964
3965
5793
3963
5791
3961
3968
5798
3638
3639
3636
3637
3634
3635
3632
3633
3630
3631
3469
3468
11407
11406
11405
11404
11402
11401
11400
11409
11408
6450
17468
17466
2489
4722
4468
4469
4466
13376
13375
4465
13373
13372
4460
4461
7946
9067
6455
16841
16849
6327
12177
6325
6324
6323
6322
6321
6320
6329
6328
11024
6457
9667
9666
9665
9664
9663
9662
9661
10119
10116
10445
10446
10115
10112
10441
10442
9668
8978
8979
15055
8970
8971
8972
8973
8974
8975
8976
8977
7878
6566
9195
14509
6459
14508
7139
7138
7131
7130
7133
7132
7135
7134
7137
7136
8526
1652
2839
2838
2837
2836
2835
2834
2833
2832
2831
5407
5406
5405
5404
5403
5402
5401
3396
3399
3398
14724
5409
5408
6619
9153
7947
13971
13970
4262
4263
4264
4265
4266
4267
4268
4269
5130
18501
5548
5549
5542
5543
5540
5541
5546
5547
5544
5545
8598
8599
8596
8597
8594
8595
8592
8593
8590
8591
10345
5890
11239
5892
5893
5894
5895
5896
5897
5898
11231
11232
11234
11235
14510
4916
8447
4917
9524
4666
4667
4912
4913
4910
4663
23422
13393
9894
9895
9896
9897
9890
9891
9892
9893
9526
9898
9899
9601
12835
9527
16612
15289
12769
6139
12763
12762
6130
6131
6136
6137
6134
6135
10949
10948
13918
10941
10940
10943
10942
10945
10944
10946
10062
9478
9479
10063
9472
9473
9470
9471
9476
9477
9474
9475
11617
3078
10061
11360
10229
9201
10067
9203
2248
2651
21349
3401
3400
3405
3404
3407
3406
3409
3408
4875
4874
4877
4876
4871
4870
4873
4872
4879
4878
7530
10611
10610
2798
10612
10615
10614
10617
10616
13492
10618
2790
13491
13496
2794
2795
14112
14110
14116
13913
16812
13140
13143
13145
13147
13912
13149
9589
9780
9781
9782
9783
9784
9785
9786
9787
9788
9789
3257
18613
9608
9402
12555
9401
8210
6178
12969
12726
12965
9400
12967
12966
12960
12963
12962
7096
7097
7094
7095
7092
7093
7090
7091
12723
7098
7099
12895
6170
12894
12897
13915
8105
8104
8107
8106
8101
8100
8103
8102
12891
8109
8108
5697
6958
6959
15399
6489
12893
8215
6950
15392
6952
6953
6954
6955
6484
6485
4885
8361
8360
8363
8362
8365
8364
8367
8366
8369
8368
9404
8217
15454
10308
9066
3184
9069
3186
3187
3180
3181
3182
10287
3188
3189
11397
11396
4019
4018
11393
11392
11391
11390
13702
13703
4011
4010
4017
4016
4015
11398
5797
3988
3989
17449
3984
3986
3987
3980
3981
3982
3983
3329
12158
5257
5795
16289
8157
16286
8154
16720
8549
8155
2476
2475
2474
2473
2472
2470
2479
2478
7874
7875
7876
7877
7870
7871
7872
7873
10723
7879
13394
13396
6309
12159
6305
12155
12156
6306
6301
6300
6303
13390
10134
10135
10136
10137
10130
10131
10132
10133
13392
10138
10139
10428
10429
9649
9648
9319
9318
10422
9316
9647
10421
9641
10427
9643
10425
8956
8957
8954
8955
8952
8953
8950
8951
13399
8958
8959
3214
3215
8547
3217
3210
3211
3212
3213
2134
3218
3219
8054
2740
11583
2815
2814
2811
2810
2813
2812
2819
2818
14255
14705
14702
14253
8541
5429
5428
3379
3378
3377
5424
3375
5426
3373
5420
5423
3370
12411
12412
4248
4249
4246
4247
4244
4245
4242
4243
4240
4241
5520
5521
5522
5523
5524
5525
5526
5527
5528
5529
6467
18130
14617
14616
2330
3574
6547
6546
6545
6544
6543
6542
15070
6540
4849
6549
6548
3576
7848
12437
14291
12436
14293
7517
7516
7515
14924
7513
7512
7511
7510
16838
7519
7518
12107
16672
8802
12106
13706
14920
6150
6151
12703
6153
6154
6155
6156
12706
6158
6159
12102
10967
8307
10965
10964
10963
10962
10961
6722
12100
6721
10969
10968
13456
6720
4830
6727
4525
6726
12433
15520
4524
6725
4835
6724
4834
4837
6587
4836
12432
6586
8208
8209
8206
2268
8207
2263
12431
8756
7996
8205
9438
8202
11836
9439
11269
8751
9436
5822
8200
9437
12430
8753
9434
4813
4812
4811
4810
2042
4816
4815
4814
8232
11630
4819
4818
3151
13939
9433
9410
11263
9412
11615
9414
9415
9416
10638
10637
9419
10635
10634
10633
10632
10631
10630
14139
11948
9617
11946
14131
11944
14133
11942
11943
14136
14137
9615
9612
11081
9345
11080
10169
10168
9348
11072
9349
8237
15492
11073
9618
10093
10092
10091
15493
10097
10096
10095
10094
10099
10098
12949
12948
12942
12941
15660
8234
12946
12945
15664
7078
7079
7074
7075
7076
7077
7070
7071
7072
7073
14397
14390
8683
14398
8163
12490
8161
15444
6972
8166
6970
8164
12499
12498
8169
8168
6978
6979
9467
12069
9245
8918
8389
8388
8387
8386
8385
8384
8383
8382
8381
8380
12060
12062
4389
4388
3325
4383
4382
4381
4380
4387
4386
4385
4384
8687
12066
5696
6096
8172
13720
4030
4033
4032
4035
4034
4037
4036
4039
4038
11379
11378
11375
11374
11377
11376
8685
11373
11372
5078
14377
9877
3326
14435
14436
11151
2455
2454
2457
2456
8565
7852
7853
7850
7851
7856
7857
7854
7855
7858
7859
15578
6369
6368
6363
6362
6361
6360
6367
6366
12134
6364
9335
10153
10150
10403
10156
10157
9333
9332
10408
10409
10158
10159
9339
9338
9629
9628
13916
9623
7333
9621
9620
9627
9626
9625
9624
3086
7331
14898
14895
9295
14893
14892
14891
14890
4704
14095
14093
14092
7354
3232
3233
5199
5198
3234
3235
5195
5194
5197
3239
5191
5190
5193
5192
13265
13267
13266
13261
13260
4532
13268
2873
2872
2870
2877
2876
2874
2879
3355
3354
3357
3356
3351
3350
3353
3352
14279
14278
3359
3358
5449
5448
5443
5442
5441
5440
5447
5446
5445
5444
7358
5508
5509
5506
5507
5504
5505
5502
5503
5500
5501
12929
2847
4012
2841
3320
6569
6568
3321
6565
6564
6567
15057
6561
6560
6563
6562
7687
7686
7685
7684
7683
7682
7681
7680
3324
7689
7688
3827
3826
3825
3824
3823
3822
3821
3581
3327
3582
3829
3828
8444
8445
8446
3583
8440
8441
8442
8443
10336
8448
8449
3585
3586
10219
5004
7539
7538
7535
7534
7537
7536
7531
10338
7533
7532
2760
12574
16659
2767
2766
12729
6179
6176
6177
6174
6175
6172
6173
12721
6171
10989
10988
10985
10987
10986
10981
10980
10983
10982
16953
4014
7900
7901
7902
2202
7903
2204
2206
2207
2208
9487
9486
11586
11587
11584
11585
11582
9485
11581
9484
11588
11589
12240
6270
4428
6272
12244
17522
12245
4839
4838
6277
4529
4528
4831
4526
4833
4832
4523
4522
4521
13451
7993
7992
7991
7990
11638
11639
7995
7994
11634
11635
7999
7998
9432
11631
9430
9431
12619
5298
5299
5296
5297
5294
5295
5292
5293
5290
5291
12617
13186
13187
13335
13183
4425
13188
12615
12614
9230
12612
6994
6995
12610
6996
6997
8633
8144
8147
8146
7337
7336
9290
9291
9296
7332
9294
7330
9298
9299
7339
7338
11964
11965
11966
11967
11960
11961
11962
11963
11968
11969
12921
12920
12923
12927
15609
10215
10214
10217
10216
10211
10213
10212
9027
10218
7058
7059
7052
7053
7050
7051
7056
7057
7054
7055
9026
18384
18383
8149
8148
6998
6999
8639
8638
8141
8636
8143
8634
8145
6991
8631
8630
9021
2998
2999
2990
2991
2993
2994
2995
2996
2997
9020
9999
9998
9991
9990
9993
9995
9994
9997
9996
11036
11037
11034
11033
11030
11031
11038
11039
13674
1397
4493
4138
11359
11358
11353
11352
11351
11350
11357
11356
11355
11354
7232
7233
4714
4716
2334
13620
12448
2336
5035
4713
6699
6698
6693
6692
6691
6690
6697
6696
6695
6694
2439
2438
2430
2435
13628
7838
7839
16822
16826
7830
7831
7832
7833
7834
7835
7836
7837
6341
12111
6343
6342
6345
6344
6347
12117
12118
6348
9353
9600
9603
9350
9357
9604
9607
9354
9609
10171
9359
9358
10174
10175
10176
10177
14513
3782
3783
3780
3781
3786
3787
3784
3785
8992
8993
3788
8991
8996
8997
8994
8995
4996
4997
4994
4995
4992
4993
4990
4991
15023
4998
4999
9837
9253
14079
14518
14074
14077
6517
14071
3258
3259
3250
3251
3252
3253
3254
3255
1945
13243
13242
13241
13240
13248
2859
2858
2851
2850
2853
2852
9645
2857
2856
5461
3332
3331
5462
3337
5464
5467
5466
5469
5468
3339
3338
14214
14217
20042
12417
15818
8936
14814
11865
17671
11864
11867
8286
8287
8284
8285
8282
8283
8280
8281
12627
8288
8289
6509
6508
4679
6503
6502
6501
6500
6507
15037
15034
6504
4677
4676
14818
4675
4674
3809
3808
3805
3804
3807
3806
3801
3800
3803
3802
8462
8463
8460
8461
8466
13560
8464
8465
8468
8469
9642
12138
7559
7558
7553
7552
7551
7550
7557
7556
7555
7554
16108
16102
16105
15083
11176
4174
13884
4176
4177
4170
4171
4172
4173
10629
4178
4179
9270
9271
3064
7397
7396
9274
9275
9276
2228
7392
2223
8112
1
5925
5926
5927
5920
5921
5922
5923
5928
5929
10054
7399
10052
4505
4504
4507
13477
4501
4500
4503
4502
9135
4509
13479
2089
2082
2083
11658
11659
11652
11653
11650
11651
11656
11657
11654
11655
15417
20679
13469
15871
6841
13550
9133
9307
9132
12738
7319
7318
12739
7315
7314
7317
7316
7311
7310
7313
7312
11902
11900
12306
11906
11907
11904
12302
11908
11909
12309
12308
12909
12908
12907
15626
15704
12904
12903
12902
12900
10233
7031
9016
9017
9010
10236
10235
7037
7038
7039
10239
10238
9018
9019
6165
12735
12737
14336
15950
15480
15956
7788
7789
7786
7787
7784
7785
7782
7783
7780
7781
14687
14684
14685
15707
14683
3308
11603
4349
4348
4347
4346
4345
4344
4343
4342
4341
4340
11018
11019
11014
11015
11016
11017
11010
11011
11012
11013
8615
8614
8617
8616
8611
8610
8613
8612
8619
8618
8014
11331
11330
11333
11332
11335
11334
11337
11336
11338
5719
5718
5717
5716
5715
5714
5713
5712
5711
5710
9008
11489
11488
11487
11486
11485
11484
11483
11482
11481
11480
15624
3061
16593
12682
12683
12687
12689
5090
10824
10825
10822
10823
10820
10821
12470
3577
10828
10829
7816
7817
7814
7815
7812
7813
7810
7811
3571
7818
7819
3573
7248
15620
4497
2745
2667
13384
13385
13382
4492
9379
9378
2660
9371
9373
9372
9375
9374
9377
9376
9039
2410
2144
4978
4979
2141
4974
4975
4976
4977
4970
4971
4972
4973
12485
15733
3276
4224
3274
3275
3272
3273
3270
3271
14052
14051
14057
14056
3278
14054
4227
13930
4222
13220
13223
13932
13225
13227
13226
14235
14230
14949
12479
14238
3319
3318
12409
5489
5488
3311
3310
5485
5484
9337
5482
5481
5480
10545
12478
12402
12403
11898
9336
15360
5323
12401
12406
12407
11892
18581
12404
5589
14602
14603
5328
9330
11893
6521
6520
6523
6522
8268
8269
15016
6526
8264
6528
8266
8267
8260
8261
8262
8263
16820
7750
35108
3869
3868
3863
3862
3861
3860
3867
3866
3865
3864
8408
8409
8400
8401
8402
8403
8404
8405
8406
8407
7571
7570
7573
7572
7575
7574
7577
7576
7579
9815
9816
9817
9810
9811
9812
9813
8814
14935
12110
14284
6340
12112
12113
15434
12114
9669
4152
4153
4150
4151
4156
4157
4154
4155
9740
4158
4159
6349
13688
12119
8818
8337
11094
15384
13460
8334
18724
13467
6719
13466
8138
13465
18347
13464
6714
11649
8339
9428
8748
13686
16161
8747
5900
5901
5906
5907
5904
5905
16169
16168
5908
5909
8745
15386
3489
3488
8212
3481
3480
3482
3485
3484
3487
8742
4563
13413
4561
4560
13416
13417
4565
4564
4569
8216
15387
11643
11670
11671
11672
11673
11675
11677
11678
11645
11644
7653
11641
9426
13879
10178
9352
9351
15381
9605
9356
9355
8135
9606
12714
6064
6065
6066
6067
6060
12090
6062
6063
6068
6069
2604
2605
2606
10173
2601
2602
2609
10783
10782
10781
10780
10039
10786
10785
10784
10035
10034
10789
10036
10031
10030
10033
10032
7379
7378
7373
7372
7371
7370
7377
7376
7375
7374
11928
11929
12321
12320
12327
12326
12325
12324
11920
11921
11922
11923
11924
11925
11926
11927
9155
10259
9033
9030
9031
9036
9037
7018
9035
10251
7017
9038
10252
7012
7013
10257
7011
6089
13775
8132
1806
8998
3322
8999
2958
2959
2954
2955
2956
2957
2950
2951
2952
2953
5344
5345
5346
5347
5340
5341
5342
5343
5348
5349
3323
10071
8990
4365
4364
4367
4366
4361
4360
4363
4362
4369
4368
18034
5457
18032
3109
3104
3105
11070
11071
11076
3101
11074
3103
8673
8672
8671
8670
8677
8676
8675
8674
8679
8678
4093
4092
4091
4090
4097
4096
4095
4094
4099
4098
13757
5735
5734
5737
5736
5731
5730
11319
5732
11317
11316
11315
11314
11313
11312
11311
11310
13753
9868
8097
8096
8095
8094
12521
8092
8091
8090
15209
8099
8098
11144
11145
16578
14422
16573
6659
6658
6657
6656
6655
6654
12662
6652
6651
6650
10809
10804
10805
10806
10807
10800
10801
10802
10803
12171
2125
6385
6384
6387
6386
6381
11148
6383
6382
16311
6389
6388
15453
2383
2385
2386
7301
12456
9289
7307
13993
1844
4958
4959
2169
4952
4953
4950
4951
4956
7308
4954
4955
14030
7309
14035
2129
14037
14036
14039
12450
3298
3299
5139
5138
5137
5136
5135
5134
3290
5132
5131
1901
13207
13206
13205
13204
13202
13201
13209
11914
14963
14962
14786
14781
20000
12815
8566
12545
12065
12816
12543
2574
12542
12540
15525
6891
6890
6893
6892
6629
6894
6897
6896
6899
6898
10904
10906
8569
8295
12548
17307
10902
8798
8799
8248
8249
8242
8243
8240
8241
8246
8247
8244
8797
3333
7044
10204
12546
3330
10202
7040
8426
8427
8424
8425
8422
3335
8420
8421
3334
8428
8429
14210
10659
10658
9838
9839
10309
7599
7598
9832
7596
9830
9831
7593
7592
9834
7590
10307
10306
10305
10656
10303
10650
10653
10652
4464
4139
13325
4130
4131
4132
4133
4134
4135
4136
4137
3841
3840
5690
5691
3845
3844
5694
5695
3849
3848
5698
5699
13322
7271
16438
5968
5969
16148
5960
5961
5962
5963
5964
5965
5966
5967
13368
17234
4549
4548
4541
4540
4543
4542
4545
4544
4547
4546
11698
6638
11696
11697
11695
11692
11693
11690
11691
2594
2595
2596
2597
2590
2591
2592
2599
12600
6633
6632
12604
6634
6042
8602
6040
6041
6046
6047
6044
6045
6048
6049
8600
2622
2623
2621
2626
2627
2624
2625
8606
2628
2629
8607
7351
9583
7353
10018
9586
9239
7357
9585
9234
9235
9588
8605
10017
9231
10015
9233
12349
12348
12341
12343
12342
12344
12347
12346
10277
10276
10275
10274
10273
10272
10271
10270
10279
10278
9058
9059
9050
9051
9052
9053
9054
9055
9056
9057
7335
7334
2978
2979
2973
2970
2976
2977
2974
2975
5362
5363
5360
5361
5366
5367
5364
5365
5368
5369
2982
12606
10230
4303
4302
4301
4300
4307
4306
4305
4304
4309
4308
11051
11052
11053
11054
11055
11056
11057
11058
11059
2984
3128
3129
3122
3123
3120
3121
3127
3124
3125
8659
8658
8651
8650
8653
8652
8655
8654
8657
8656
9317
5753
5752
5751
5750
5757
5756
5755
5754
5759
5758
14160
15195
15194
5097
12445
3446
12502
12501
15227
9314
15224
12509
12508
7434
7435
7436
7437
7430
7431
7432
7433
12725
7438
7439
2753
2323
13637
2023
16558
6675
6674
6677
12647
6671
6670
6673
6672
13632
6679
6678
4700
10868
10869
10862
10860
10861
10866
10867
10864
10865
16881
16336
21049
12722
4708
9310
13508
2369
2367
2366
21221
3728
3729
3724
3725
3726
3727
3720
3721
3722
3723
4930
4931
4684
4685
4934
4683
4936
4937
4938
4939
14524
4688
4689
11735
11734
11737
5215
11731
11730
11733
11732
11739
11738
2105
5213
5115
5114
5117
5116
5111
5110
5113
5112
14014
14013
5118
14011
6506
20795
6505
14157
10488
10489
10480
10481
10482
10483
10484
10485
10486
10487
14903
14902
14905
13336
14600
1789
14601
6879
6878
6877
6876
6875
6874
6873
6872
6871
6870
11872
11873
11870
11871
8922
8220
8221
8222
8223
8224
8225
8226
8227
8228
8229
8920
13558
15507
7609
7608
7607
7606
7605
7604
7603
7602
7601
7600
2490
8467
2492
11342
9850
9851
9852
9853
9854
9855
9856
9857
9858
9859
13554
9177
4116
7896
4114
4115
4112
4113
4110
7897
7894
4118
4119
11525
7895
11775
9175
11777
11776
10048
36859
3057
3341
5946
5947
5944
5945
5942
5943
5940
5941
11506
11507
11504
10739
11502
11503
5948
5949
10040
10737
10734
10735
10044
10045
10730
10047
12620
3344
9238
11523
10759
6028
6029
13424
6020
6021
6022
6023
6024
6025
6026
6027
2648
10070
10073
10072
10075
10074
10077
10076
10079
10078
2642
2643
2645
2646
2647
9218
9219
9212
9213
9210
9211
9216
9217
9214
9215
12367
12366
12365
12364
12363
12362
12361
12360
12369
12368
16054
10679
9076
9077
9074
9075
9072
9073
9070
9071
10295
10294
10297
10296
10291
10290
9078
9079
10678
3557
3556
3555
3554
3553
3552
3551
3550
9236
3559
3558
2911
2912
2913
2915
2916
4175
2918
2919
6128
5308
5309
13883
5300
5301
5302
5303
5304
5305
5306
5307
13016
13017
13015
13012
13013
13011
13018
4329
4328
4321
4320
4323
4322
4325
4324
4327
4326
3140
3141
3142
3143
3144
3145
14598
14599
14596
3149
14594
14592
10673
10752
5410
12702
5779
5778
5771
5770
5773
5772
5775
5774
5777
5776
15685
10670
2061
12569
12568
3967
12561
12560
12563
12562
12565
12564
12567
12566
7412
7413
7410
7411
7416
7417
7414
7415
7418
7419
10676
12622
6612
6611
6610
12626
6616
6615
12625
12628
6618
10840
10841
10842
10843
10844
10845
10846
10847
10848
10849
5083
5722
5082
3502
5080
10674
10292
3504
19526
19520
3505
12198
12199
3506
12190
12191
12192
3507
12194
12195
12196
12197
2345
2340
2343
2348
10738
3708
3709
17669
15342
3702
3703
3700
3701
3706
3707
3704
3705
7001
6446
2123
13579
4669
4918
4919
4664
4665
4914
4915
4660
6916
4662
4911
11713
11712
11711
11710
11717
11716
11715
11714
15353
11719
11718
7000
6911
5173
5172
5171
5170
5177
5176
5175
5174
5179
5178
13926
2220
17002
13924
5924
6834
6919
9689
9688
9681
9680
9683
9682
9685
9684
9687
9686
7005
7254
7255
7256
7257
7250
7251
7252
7253
7258
7259
7004
6855
6854
6857
6856
6851
6850
6853
6852
10551
6859
6858
14633
14632
13430
9191
8804
8805
8806
8807
8800
8801
18244
8803
8808
8809
14929
6583
6582
6581
6580
8758
8759
6585
6584
8754
8755
8204
8757
8750
8203
8752
8201
7625
7624
7627
7626
7621
7620
7623
7622
7629
7628
13475
13476
4506
13470
13471
14701
9878
9879
9876
13690
9874
9875
9872
9873
9870
9871
11155
11154
11157
11156
14431
11150
11153
11152
11159
4508
3089
3088
3085
3084
3237
3081
3080
3083
3082
3369
13808
13805
13807
13806
13801
13800
13803
13802
3885
3884
3887
3886
3881
3880
3883
3882
3889
9196
2484
18427
11524
8325
11526
11527
11520
11521
11522
8324
11528
6703
8326
6705
8320
6707
15091
1882
6706
8770
15093
15094
10639
9918
13570
3960
16274
16271
6006
6007
6004
6005
6002
6003
6000
6001
6008
6009
17273
3361
13409
16112
7395
7394
9272
9273
7391
7390
7393
9277
9278
9279
10727
10726
10053
7398
10051
10722
6992
12389
12386
12381
12382
6993
9098
9099
9094
9095
9096
9097
9090
9091
9092
9093
5098
5099
3579
3578
3575
5091
5092
5093
5094
3570
5096
3572
2666
4496
4495
4494
2662
13383
4491
4490
4499
2669
2938
2936
2937
2934
2935
2932
2933
2930
2931
5326
5327
5324
5325
5322
11899
5320
5321
11894
11895
14605
11890
11891
12643
5329
13038
13039
13320
13034
13036
19012
13032
13033
18725
11095
11096
11097
11090
11091
11092
11093
11098
11099
3166
3167
3164
3165
3163
3160
3161
2160
15007
2403
2400
13744
13745
11262
4053
2006
8567
12814
12817
8564
8563
8562
8561
8560
13749
12819
15269
8568
10654
7478
7479
7470
7471
7472
7473
7474
7475
7476
7477
16519
16048
11172
16513
16517
6639
12609
11170
6631
6630
12602
12603
6635
12605
6637
6636
2318
11178
4707
4706
4705
13635
4703
4702
4701
13631
2329
2328
4709
13639
8931
14265
3760
3761
3762
3763
3764
3765
3766
3767
3768
3769
17399
13445
2498
4648
4649
4642
4643
4640
4641
4646
4647
4644
4645
11779
7898
7899
11771
11770
11773
11772
7892
7893
7890
7891
5159
5158
14463
5151
5150
5153
5152
5155
5154
5157
5156
12305
12307
11901
12301
5826
14461
12771
12303
12896
11938
7272
7273
7270
18414
7276
7277
7274
7275
7278
7279
12804
15273
12554
15275
6833
6832
6831
6830
6837
6836
6835
15897
6839
6838
10557
10554
10555
10552
10553
10550
12559
8558
10558
10559
8007
8822
8823
8820
8821
8826
8827
8824
8825
8828
8829
10913
11501
8778
8779
12892
8772
8773
15092
8771
8776
8777
8774
8775
7643
7642
7641
7640
7647
7646
7645
7644
7649
7648
9014
10232
10231
7033
7034
9011
13541
7926
9012
7291
9013
9131
3306
9130
3307
9137
3304
7923
11173
14412
14411
3305
11177
7296
11175
11174
3302
11179
7297
3303
7298
6977
5492
7299
3301
10312
10313
10642
10643
6974
13829
7928
8489
10641
13827
13826
13825
13824
13351
5638
5639
13350
5634
5635
5636
5637
5630
5631
5632
5633
8480
8482
8483
8484
8485
8486
8487
8488
13355
