13357
4447
11542
11543
11540
11541
11546
11547
11544
11545
11548
11549
3383
5988
5989
5982
5983
5980
5981
5986
5987
5984
5985
15267
6970
3002
6796
6797
6794
6795
6792
6793
6790
6791
6798
6799
10691
16251
15368
16258
12019
12018
12015
12014
12016
12011
12010
12013
12012
15481
17257
10637
10709
10708
9528
9529
9258
9259
9524
9257
10701
10700
10707
10706
10705
9523
18517
4644
14380
14729
3519
3518
3513
3512
3511
3510
3516
3515
2688
2689
2684
2685
2686
2687
2681
14625
14627
14621
14687
14628
14629
13058
13059
13053
13050
13051
13056
13057
13054
13055
15360
18707
17829
7213
17822
4523
17088
7188
7189
7180
7181
7182
7183
15264
7185
7186
7187
6261
12833
2659
8549
8548
12835
12834
8017
8544
8015
8546
8013
8540
8543
8010
7456
7457
7454
7455
7452
7453
7450
7451
13632
7458
7459
4591
4409
2747
4733
2030
13601
10884
10886
10887
10880
10881
10882
10883
13607
10889
6536
4599
13605
15554
13604
6534
14476
8292
8295
12876
13609
6533
13608
8297
6531
12875
2308
13618
4728
4725
4724
4727
4726
13610
13611
4723
13613
11289
5846
5845
5844
5843
5842
16062
5840
11281
11280
11283
11282
11285
11284
11287
5848
17625
3748
3749
3746
3744
3745
3742
3743
3741
13531
4621
13533
13532
13535
4625
13537
4627
4628
13538
14539
11757
11756
11755
11754
11753
11752
11751
11998
5203
11759
11758
19560
11014
16390
13463
19567
16399
14536
20737
20736
16064
11010
14531
5209
14532
13289
13288
13287
13286
13285
13284
13283
13282
13281
13280
14160
11995
14166
12870
14165
10469
10390
10391
10392
10393
10394
10395
10396
10397
10398
10399
7218
7219
16932
7210
7211
7212
6411
7214
7215
7217
6217
6216
12224
12225
6213
6212
12220
12221
13540
14315
12228
12229
6819
6818
13542
15878
6811
6810
6813
6812
15872
6814
10516
15707
9757
9756
9755
9754
10578
10579
9751
9750
10574
10575
10576
10577
10570
10571
10572
10573
18538
21420
4659
13549
8848
8849
8840
8841
8842
8843
8844
8845
8846
8847
13464
16438
11848
7669
7668
12667
7661
7660
7663
7662
7665
7664
7667
7666
11844
12094
14402
15029
11191
14346
11193
14344
14343
11194
11119
14478
14341
11111
11110
11113
11112
11115
11114
14477
11116
8710
8711
8712
8713
8714
8715
8716
8717
8718
8719
13841
13840
13843
14173
13844
13847
13846
13849
13848
11762
7880
14348
11760
5618
5619
13304
5612
11766
5611
5616
5617
5614
5615
7887
12749
7886
12363
7114
11568
11569
12748
11560
11561
11563
11564
11565
11566
11567
10252
9256
9525
9254
9527
9520
9253
9522
10704
2065
6778
6779
5251
6774
6775
6776
6777
6770
6771
6772
6773
9964
9965
9966
9967
9960
9961
9962
9963
9968
9969
18798
16239
16729
16728
2793
16721
16232
16725
12039
12038
12033
12032
12031
12030
12037
12036
12035
12034
18581
9508
9509
9502
9503
9500
9501
9506
9507
9504
9505
3689
3688
3683
3681
3680
3687
3686
3685
3684
2519
2514
2516
2517
4660
2445
6567
3530
3533
3532
5058
5059
3537
3536
5054
3538
5056
5057
5050
5051
5052
5053
13291
10761
10760
10763
10762
10765
10764
10767
10766
10769
10768
15026
14642
14867
14640
14862
14863
14644
4166
14648
2795
14868
14869
4164
4663
3587
13893
13070
13071
13073
13074
13075
13076
13077
13078
13079
13891
2699
6980
7896
18091
13899
10185
10184
10187
10186
10181
10180
10183
10182
10189
10188
13595
15118
15114
15111
15113
15112
14087
15307
8035
8034
8037
8036
8031
8030
8033
8032
2771
8039
8038
12858
12589
8528
13566
8523
8522
8521
12580
8527
8526
8525
8524
15301
12104
14011
6938
2798
4299
4298
4295
13985
4297
4296
13980
13981
13982
4292
15303
7266
10168
11769
7587
6204
4749
4748
6205
13672
13673
4741
13671
4747
6206
4745
4744
16003
16000
5869
16007
16004
5865
5864
5867
5866
5861
5860
5863
5862
12100
12233
17608
6203
17350
3015
13518
4606
4607
4604
4605
13513
4603
13511
4601
12420
12421
13561
8680
6209
6452
19586
6903
15433
15430
20719
7583
8685
10436
6459
16417
6458
8136
16114
8137
15719
16116
6363
6187
6186
6185
6184
6183
6182
6181
6180
6908
15715
6189
6188
2724
2723
2722
2720
15713
7236
7237
7234
7235
7940
7233
7230
7231
9199
10377
10374
15710
7948
7949
7238
10371
9744
10562
13444
5564
10560
6239
6238
12204
9740
6237
12207
6231
12201
12202
6232
9742
10564
10518
10519
9779
9778
9775
10513
9777
9776
9771
9770
9773
9772
8866
8867
8864
8865
8862
14984
14987
8861
14989
13446
8868
8869
11767
3495
10698
10232
7819
14189
5266
5265
5264
5263
5262
5261
13400
14181
14180
14182
14185
13403
14187
14186
15855
4573
15851
15852
15853
13405
15858
15859
4575
4576
4577
11137
11136
14455
11134
14453
11132
14323
14322
14329
14328
11138
13442
3029
3028
3027
3026
3024
3023
3021
3020
15583
7939
15581
15586
15587
15584
8739
8736
8737
8734
8735
8732
8733
8731
16419
14506
13869
4199
13867
13866
13865
4195
4192
13862
13861
13860
5670
5671
5672
5673
5674
5675
5676
5677
5678
5679
14429
6241
10234
4687
6437
12447
12444
8191
6433
8197
12440
8195
8198
8199
12448
6438
11622
10690
6758
6759
6737
6752
6753
6750
6751
6756
6757
6754
6755
10308
9943
9940
9941
9946
9947
9944
9945
9948
9949
16740
16213
16212
19930
15045
16601
12051
12050
12053
12052
12055
12054
12057
12056
12059
12058
4680
10306
7673
4681
10697
10798
2538
2539
10063
10696
2530
2535
12851
5078
17165
17162
5072
5073
5070
5071
5076
5077
5074
5075
9560
9561
9562
9563
9564
9565
9566
10748
9568
10746
10745
10744
10743
10742
10741
10740
14668
5381
5382
5383
5384
5385
5386
11839
5388
14661
11834
11835
11832
11833
14842
11831
14831
12852
13098
13099
13096
13097
13094
13095
13092
13093
13090
13091
12262
10795
12855
12263
9862
9384
9385
9386
9387
9380
9381
9382
9383
9388
9389
12260
10797
2414
13773
13772
14330
13388
13771
13770
4975
15133
4066
12856
15136
15135
15134
15321
4977
7148
7149
7144
7145
7146
7147
7140
7141
7142
7143
18747
18746
10791
4068
12877
8052
8503
8502
8057
12872
8055
8054
8509
8508
8059
8058
12879
12878
11999
2882
7498
7499
2886
2887
2884
2885
7492
7493
7490
7491
7496
7497
7494
10793
13586
22633
15205
12265
3277
7561
14405
14411
11166
11160
14401
13650
4760
4763
4762
13654
4764
4767
13657
4769
4768
13730
11249
11248
11245
11244
11247
11246
11241
11240
11243
11242
16028
5809
5808
3278
5803
5802
5801
14054
5807
5806
5805
15201
17371
15200
11799
11798
11793
11792
11791
11790
11797
11796
11795
11991
13835
12413
15383
14971
16685
16686
12314
16682
6308
4888
10355
10356
10357
10350
2708
10352
10353
4880
4882
4883
4884
10359
4886
13839
7962
7963
10688
7961
7966
7967
7964
7965
9177
9176
9175
7969
10686
10687
10684
10685
16973
12831
12745
12268
6258
12318
6939
6115
6253
6252
6251
6250
12266
6256
12264
6254
10530
10531
10532
10533
10534
10535
10536
10537
10538
12741
8018
14235
12740
8545
9719
9718
12743
8016
9713
9712
9711
9710
9717
9716
9715
9714
3474
3475
3476
8014
8888
8889
3472
3473
8884
8541
8886
8887
8880
8881
8882
8012
10920
8011
8542
15632
11623
15633
10925
5496
11288
17322
7023
5249
5248
7022
5245
5244
5247
5246
5241
7021
5243
5242
13135
6223
13137
7020
15836
13130
13133
13132
7027
15838
15839
13139
9002
7931
7930
7024
7281
14303
14302
3007
10678
18358
14306
3003
14304
7935
14309
14308
3008
7286
5484
7937
7284
17963
17960
5482
10673
6800
3317
17976
7938
8633
3316
10671
7288
12483
10677
12128
9103
9100
5658
5659
5656
5657
5654
5655
5652
5653
5650
5651
4453
4452
13340
11625
17172
13346
13347
13344
6224
13948
4459
12486
4458
12468
6418
15304
6414
6417
12467
15300
6410
12462
12463
7777
7776
7775
7774
7773
7772
7771
7770
4832
12487
7779
7778
3917
3916
3915
3914
3913
3912
3911
3910
3919
3918
6730
6731
6732
12298
8310
8311
8312
8313
6738
6739
12484
8318
8319
11629
9928
9929
9920
9921
9922
9923
9924
9925
9926
9927
11579
16767
11628
11578
15948
14202
6088
12078
6086
6087
12075
12074
12073
6083
12071
12070
14931
3285
5998
4836
16226
15060
3284
21858
12488
3649
3648
3647
12123
3645
3644
3643
3642
3641
3640
2551
2554
2555
2556
2557
12837
11476
11477
11474
11475
11472
11473
11470
11471
11478
11479
5010
5012
5013
5558
5015
5016
5017
5018
5019
12836
4081
17146
17147
17410
14935
3281
13308
4418
4417
13307
4415
4414
13302
13303
13300
4410
9548
9549
9546
9547
9544
9545
9542
9543
9540
9541
14820
14821
14826
14824
6434
15932
7918
12208
12209
3460
8024
12839
11814
11815
11816
11817
11810
11811
11812
11813
15068
11818
11819
15151
15150
15155
15159
15158
7168
7169
7162
7163
7160
7161
7166
7167
7164
7165
37885
8079
8078
12899
12898
12895
8070
8073
8072
12891
12890
12893
8076
10088
26643
6334
16541
6335
6336
13642
6337
13709
12322
6331
6332
12162
12200
4585
4584
14955
4729
4587
13619
15010
8635
15011
4853
15012
4852
15545
4851
13615
15542
4850
13616
15015
15938
13617
6914
4721
6526
14176
4720
15018
14177
14953
4789
6528
4787
4786
4785
4784
4783
4782
4781
4780
5821
5820
11269
5822
5825
5824
5827
5826
5829
11262
11261
11260
11267
11266
11265
11264
1801
15549
16061
7914
5841
14548
16063
3586
14179
9674
6917
9675
16068
10451
16069
10450
5849
14540
9670
11286
14543
10456
14542
10455
14544
14546
10107
14335
11981
6822
10101
9679
12798
8663
17316
17319
15490
12790
11985
12797
12795
9155
10333
9157
2768
10336
10337
10334
10335
2763
12329
10338
2760
9159
9158
2765
2764
7908
7909
9489
9488
16402
16955
16956
16957
9483
7901
7902
9480
7904
7905
9485
9484
6271
12241
12242
6272
12244
12245
12246
12247
6279
6278
4622
4623
13534
9731
9730
9733
9732
9735
9734
9737
9736
9739
9738
13536
13793
21336
13539
4083
4629
13795
4085
3452
3453
3451
3456
3457
3454
10580
3458
3459
13168
4088
13169
13798
13162
10645
14148
10588
14145
14144
14147
14146
14141
11852
14143
14142
5229
8906
5223
5222
5221
5220
5227
5226
5225
11855
13113
13112
13111
13110
11856
15811
13119
15813
15814
15815
15817
14350
11183
4758
5107
11180
17944
14368
14499
14498
3067
3066
3065
14361
14492
14491
14490
14365
14496
14495
14494
11184
4810
14357
13227
11057
14359
14816
7575
9819
17128
14815
7579
11606
9815
13544
14814
11601
7127
6329
13363
12408
6478
6473
6472
6471
6470
12406
6476
12404
12405
9241
7759
7758
9536
7755
7754
7757
7756
7751
9535
7752
9534
3939
6201
14812
3935
9533
3937
3931
3930
3933
9244
8332
8333
8330
8331
8336
8337
6718
6719
6716
6717
8338
8339
6712
6713
6710
6711
9906
9907
9904
9905
9902
9903
9900
9901
9908
9909
13489
19208
14810
13488
22405
8677
13755
13754
4046
13756
4040
13750
4042
13752
4048
13758
15972
10123
3665
3664
3667
3661
3663
3662
3669
3668
10122
2576
2577
2574
11458
11459
10121
11454
11455
11456
11457
11450
11451
11452
11453
3593
3592
3591
3590
3597
17431
5038
3594
5036
5037
5034
5035
5032
5033
5030
5031
4434
4437
13327
4431
4430
4433
4432
17121
13328
4438
17124
11608
14875
10127
8141
12811
10126
15493
4157
13481
12810
10125
12813
10475
10474
10477
10476
10471
10470
10473
10472
10479
10478
8757
8927
8926
11870
14803
11876
11877
8921
11875
14808
11878
11879
8929
8928
15179
3387
15177
15176
15175
3384
7100
7101
7102
7103
7104
7105
7106
7107
7109
14759
5412
3381
13484
5418
14752
14776
14777
14774
14775
14773
14770
15910
14778
7287
15913
5800
11621
13928
4238
13926
13927
4235
4234
13922
4232
4231
4230
5591
5590
5593
5592
5595
5594
5597
7974
5598
14450
4215
13696
13697
13690
13692
13905
13699
11201
11200
11203
11202
11205
11204
11207
11206
11209
4211
16939
4210
8138
12226
19071
19074
12227
12824
6215
6061
6214
12222
8860
12223
7971
6211
13908
2698
4218
12679
7970
6933
7289
10719
13541
6219
6645
8699
6218
12677
8698
15708
2299
12676
6934
14874
2293
12671
6935
14877
12670
8695
12673
8126
14871
6643
7972
15409
14654
16161
8124
14657
8515
5903
8691
14656
8690
10916
10917
10914
10915
10912
8121
10910
15701
8120
17332
5020
10919
10318
7291
9131
7925
7922
9136
10648
10649
10646
10311
10644
4933
10314
10315
10316
7929
16428
6817
6537
15677
16426
6816
16421
16422
8513
6299
6298
6297
6296
6295
6294
6293
6292
6291
6290
9753
9752
10340
8511
3438
6069
17591
3430
3431
3434
3435
4592
4593
4590
2742
2745
4597
4594
4595
4844
4845
4846
4847
4841
4842
4843
15658
5201
5200
14169
5202
5204
5207
5206
14163
11990
11993
11992
14167
11994
11997
11996
4563
13413
4561
13179
13178
13171
13170
13173
13172
13175
13174
13177
13417
14347
11190
14345
11192
11195
14342
11197
14340
11199
11198
13415
14349
18649
3041
3040
3043
3042
4569
3047
3046
13419
20371
15698
15699
15692
15693
15691
15696
15694
15695
11679
11228
8682
6450
6905
8681
8686
8687
6457
6456
8134
8135
8688
8689
8130
8131
8132
8133
12586
11222
7739
7738
13123
7733
7732
7731
7730
7737
7736
7735
7734
3959
3958
3953
3952
3951
3950
3957
3956
3955
3954
8358
8359
10022
8350
8351
8352
8353
8354
8355
8356
8357
4067
10020
10109
4062
4063
4060
4061
13777
13776
13775
13774
13779
13778
5784
5785
5786
5787
5780
5781
5782
5783
5788
5789
3603
3602
3600
3607
3606
3605
3604
3609
3608
17783
12161
12415
15486
12675
11438
11439
19220
11432
11433
11430
11431
11436
11437
11434
11435
17103
17105
4481
13342
13343
4451
4450
4457
4456
4455
4454
13348
13349
7184
13907
4482
21815
12519
16854
13901
16850
12165
12164
12167
12166
6330
12160
12163
6333
6338
12168
10453
10452
9676
9677
10457
9671
9672
9673
10105
10104
10459
10458
9678
10100
10102
6064
6065
4247
12097
12822
11858
11859
12096
8909
8908
8905
6060
8907
11853
8901
18816
8903
11857
12093
6063
12169
19636
7128
7129
7126
13768
7124
7125
7122
7123
7120
7121
4964
6068
12098
13764
7955
13765
4077
13767
9474
13761
7954
2607
2828
4697
2825
2826
2827
2821
2822
5414
5797
5416
5417
5410
5411
3380
5413
14755
14756
14757
14750
5419
7953
3389
3965
3962
13904
14479
13906
12998
13900
5791
4213
13903
3961
7952
13909
18106
18100
1543
4201
13385
5579
5578
5577
5576
5575
5574
5573
5572
5571
5570
14471
3262
5799
14470
10039
3969
14473
5129
13382
14475
14474
11117
11229
3268
11227
11226
11225
11224
11223
10789
11221
11220
10788
5001
5901
12661
5007
14232
16198
16199
16629
16626
16195
16196
16620
16193
6109
6108
12756
6106
6105
6104
12752
12753
6101
6100
3105
13239
10938
10939
10934
10935
10936
10937
10930
10931
10932
10933
9119
9118
9531
9449
9111
9446
9445
9112
9443
9114
9117
9440
12285
12286
12287
12280
12281
12282
12283
16443
7959
8008
16447
12328
12758
5905
13237
6107
13235
12754
10317
12755
14957
6103
14222
6102
3416
8022
3414
14223
3413
3410
12825
14952
12751
8532
3418
14225
8533
14950
12820
14283
15293
10664
10665
10666
10667
10660
10661
10662
10663
4862
4863
4860
8025
4866
10669
4864
13486
14100
18482
14102
14105
14104
14107
14106
14109
14280
1591
17719
13157
13156
5161
13154
13153
10258
4893
13159
13158
10592
10593
10590
10591
10596
12156
10594
10595
2881
10598
10599
7018
18666
7019
7016
20427
20351
10250
10253
20358
7015
7012
7013
9447
14230
10257
9110
10256
9113
9444
9115
9442
12990
12991
12992
12993
12994
9441
12996
12997
12666
12999
11121
9116
4468
1939
4469
13377
8118
8119
6929
6928
6925
8113
8110
6926
15410
8117
8114
6922
7711
7710
7713
7712
7715
7714
7717
7716
7719
7718
12289
13371
13370
8376
8377
8374
8375
8372
8373
8370
8371
6525
8378
8379
4521
6524
9434
9800
7500
26351
9435
4009
4000
4001
13713
13712
13715
13714
4006
13716
3971
3970
3973
3972
3975
3974
3977
3979
3978
8653
3629
3628
4283
3621
3620
3623
3622
3624
3627
3626
13990
11410
15797
11412
11413
11414
11415
11416
11417
11418
11419
4285
15795
16297
4520
13999
15792
4289
17471
17477
13368
13369
9431
13360
4470
13362
4472
4475
4474
13366
4476
2957
6447
15799
15798
8144
2467
6444
2462
2469
10042
9459
9296
8147
16877
5342
3417
12143
6313
6310
12140
6316
12146
6314
6315
8146
6319
3411
10439
9653
9650
9651
9656
9657
9654
9655
9304
10430
10433
10432
9300
10434
10437
9303
8969
8968
8963
8962
8961
8960
8967
8966
8965
8964
4598
6352
9578
6441
4734
6443
9456
4979
9457
8535
2808
18290
2800
2806
2807
5432
6327
5430
14739
3368
5437
5434
5435
3364
14733
5438
5439
14736
6325
3362
14735
4869
6323
6322
13962
13963
4271
4270
13966
4276
13964
13668
4279
4278
5555
5554
5557
5556
5551
5550
5553
5552
18128
5559
13483
11208
13482
13485
4867
8589
8588
13487
13660
8581
8580
8583
8582
5804
8584
8587
8586
4753
15575
9079
13665
15574
14103
4755
5883
5882
5881
5880
5887
5886
5885
5884
11049
5889
5888
8275
18485
15065
6555
6556
6557
6550
6551
15063
6553
18487
15069
11298
16012
14108
16015
16014
5874
14558
16019
14559
12422
11290
23456
5879
17043
27295
9887
9886
7506
7507
12423
7501
9881
7503
10448
7508
11070
9888
16605
16606
16607
10118
3100
9660
16608
16609
3101
12774
6124
6127
6126
6121
12771
12772
6122
3103
12778
6128
15977
10447
10112
10441
12425
10958
10959
10110
10952
10953
10950
9668
10956
10957
10954
10955
16463
16465
15970
13155
12426
9617
13522
4632
13150
12427
13521
14032
2259
2256
2253
2252
4093
13783
13525
4091
4090
15522
13786
4639
13787
4800
2784
2787
2786
4804
4806
4807
12429
4809
2789
11605
9464
11607
9466
10606
11600
9463
9462
2072
10609
9469
4099
2075
10597
11959
11958
14129
14128
14127
11954
14125
11956
11951
14122
11953
11952
12547
15524
13929
8790
9793
9792
9791
9790
9797
9796
9795
9794
9799
9798
8791
5733
8504
14383
14382
14381
11318
14386
14385
14384
8208
8792
4024
11313
12544
15527
16901
13924
12543
15528
12978
12979
12976
12977
15654
15655
12972
15653
12970
7080
7083
7082
7085
7084
7087
7086
7089
7088
15529
9807
8904
9806
5518
7586
6495
6494
6497
15387
8174
6490
8176
8177
8204
9803
15388
6498
9802
6949
6948
15447
9801
6943
6942
6941
6940
6947
6946
6945
6944
7132
12540
13920
8162
8797
8398
8399
8394
8395
13921
8397
8390
8391
8392
8393
4913
4398
4399
4390
4391
4392
4393
4394
8900
4397
3197
3196
3195
3194
3191
3190
3199
3198
15443
4026
4027
13735
4025
13733
13732
4020
4021
4028
13738
11380
11381
11382
11383
11384
11385
11386
11387
11388
8902
15442
19159
8827
3999
3997
3996
3995
3994
3993
19150
3991
19400
8165
12585
8697
10331
9515
15440
15714
15620
8553
8550
4029
2443
2446
13364
15204
2448
2449
12527
7867
7866
7865
7864
7863
7862
7861
7860
12521
15866
8556
7869
7868
16819
10341
8091
8041
12522
2511
6378
6379
4144
12121
12120
6372
6373
12125
12124
6376
12126
10417
10140
10415
10142
10413
10412
10411
10146
10149
10148
10419
10418
9638
9639
9328
9329
9630
9323
9320
9321
9634
9635
9324
9637
21729
8940
8943
8942
8945
8944
8947
8946
8949
8948
8555
15449
3853
5407
3851
3393
2739
3392
15448
3395
5109
5182
3206
5180
5181
3203
5187
5184
5185
5188
5189
3208
3399
3535
10368
2860
2861
2862
2863
2865
13729
2867
2868
14710
14247
14712
14245
14714
14727
14240
5055
14718
14719
14726
14248
14249
5458
5459
3348
3349
5450
5451
5452
3341
5454
5455
5456
3345
9188
9189
4259
13949
4251
13941
4253
4252
4255
4254
4257
4256
5532
5531
5530
5537
5536
5535
5534
5539
5538
10332
13971
14439
16908
13973
5103
13972
23613
4264
13974
15043
15042
6570
15040
6576
15046
6574
6575
13643
6578
15048
12211
7694
7695
7696
7697
7690
7691
7692
7693
12217
7698
7699
6227
3834
3835
3836
3837
3830
3831
3832
3833
6225
9190
3839
10108
12219
12218
12668
5106
11102
12669
7522
7523
7520
7521
7526
7527
7524
7525
15418
7528
7529
12664
16662
14866
19365
16664
11103
12662
16669
9313
11836
12663
6143
6142
6141
6140
6147
12717
6145
6144
12718
6148
6927
14647
10970
10971
10972
8111
10974
10975
10976
10977
6921
14645
6920
6923
8115
16177
15840
16488
16489
16484
16482
16480
10806
9762
2277
2270
2273
9763
2279
2278
11595
11594
11597
11596
11591
11590
11593
11592
11599
11598
17282
6506
17535
17534
17530
9769
4538
4539
4828
4829
13445
2058
4824
4825
4822
13440
13443
4821
9403
7981
7982
11620
11627
9406
7986
7987
10620
7989
9409
10623
10624
10625
10626
10627
11979
11978
11973
11972
11971
11970
11977
11976
11975
11974
8594
13199
13198
6384
13193
13192
13191
13197
13195
13194
13648
9027
7327
2405
13429
13428
13427
12803
4557
20463
8924
6210
7325
7326
13424
7320
7321
7322
7323
10084
10085
10086
10087
7328
10081
10082
10083
13420
12954
12955
15676
12957
12950
12951
15672
12953
12958
15679
8922
8851
11238
7069
7068
7067
7066
7065
7064
7063
7062
7061
7060
18623
2093
12482
15907
6963
6962
6965
6964
8158
8159
6969
8157
8154
8155
8152
8153
8622
8151
5898
5899
11682
31599
5172
7221
7220
9988
9989
9986
9987
9984
9985
9982
9983
9980
9981
14505
11024
11027
11026
11021
11020
11023
11022
11029
11028
11368
11369
11366
11367
11364
11365
11362
11363
11360
11361
14840
19175
12873
2098
3789
5271
5462
9102
19002
7229
14139
8802
6688
6689
6680
6681
6682
6683
6684
6685
6686
6687
2420
2421
2423
2427
16837
16836
16835
7849
7848
16343
16342
7845
7844
7847
7846
7841
7840
7843
7842
12107
12106
12105
6355
12103
12102
12101
6351
6358
12108
5466
9340
9341
9614
9343
9612
9613
10169
9611
9348
10166
7928
10164
10163
10162
9618
10160
14888
14889
12087
14880
14883
14885
14887
12085
12892
12082
12083
6071
13718
12081
14080
14081
14082
14084
14085
14086
10106
14088
14089
9246
12489
3228
1979
3225
3224
3227
3221
3223
1970
13276
13277
13274
13275
13272
13271
12089
4002
13278
13279
4003
2847
2844
2845
2840
4005
5476
5477
3322
5475
14268
14269
5470
3327
14264
3329
14266
4007
14260
14261
5478
5479
12424
9897
15778
18163
13711
14468
5519
10404
14469
5128
5511
5510
5513
5512
5515
5514
5517
5516
15468
3034
3035
10089
11100
10799
10028
11106
10029
5137
3295
17998
5135
6518
6519
5134
15590
6510
6511
6512
6513
6514
6515
6516
6517
7348
15595
7349
9662
3812
3810
3811
3816
8705
3815
3818
3819
8457
8456
8455
8454
8453
8452
8451
8450
8459
8458
5453
7548
7549
7540
7541
7542
7543
7544
7545
7546
7547
15095
19344
16137
4004
16132
16647
6169
12739
12730
6160
12732
6162
6165
6164
6167
6166
10998
10999
10996
10997
10994
10995
10992
10993
10990
10991
15097
11411
10080
12769
6139
9032
2211
2217
2216
5604
6371
8529
12763
14675
12588
14190
12762
15463
12761
6131
12767
13185
5602
12766
14674
12583
6134
12582
12764
17516
13469
4519
14965
4512
4513
4510
13460
4516
4517
4514
5608
9429
11648
12857
11641
9420
9423
11642
9425
11644
11647
9426
5289
5288
14968
17770
5281
5280
5283
5282
5285
5284
5287
5286
15464
10940
20663
20912
9025
9024
10240
7302
7303
7300
7301
7306
7307
7304
7305
9285
9284
7308
7309
9281
9280
9283
9020
11911
11910
11913
11912
11915
9023
11917
11916
11919
11918
7006
12932
11005
12930
12931
12936
12937
12934
12935
9490
10206
7044
10204
10205
10202
7040
7043
10201
21538
7049
7048
10208
10209
4479
4478
13669
18398
9108
18390
8608
8609
15928
6989
6988
6987
6986
8600
8601
8606
6982
6981
8605
9109
8023
13361
4473
14694
14697
14696
9493
14690
14693
14692
14300
2982
2981
2980
2986
2985
9106
13707
3311
14307
9107
4358
4359
4355
4356
4357
4350
4351
4352
4353
11003
11002
11001
14520
11007
11006
14525
11004
11009
11008
8026
3313
9496
12550
8027
11344
11345
11346
11347
11340
11341
11342
11343
11348
11349
5708
5709
5704
5705
5706
5707
5700
5701
5702
5703
14294
9251
6424
6425
6426
15336
6420
12450
15780
12453
12452
12809
13984
4294
13986
6894
13987
9101
6428
12458
16587
5828
16582
16581
6898
2460
12551
13983
9594
12696
12695
12694
12693
12692
12691
12690
21895
12699
12698
10835
10834
10837
10836
10831
10830
10833
10832
10839
10838
16363
16361
7828
16366
7823
7822
7821
7820
7827
7826
7825
7824
4926
17188
17180
17186
9368
9369
9366
9367
9364
9365
9362
9363
9360
9361
8985
8984
8987
8986
8981
8980
8983
8982
8989
8988
12464
3799
3798
3795
3794
1838
3796
3791
3790
3793
3792
4981
2155
4983
4982
4985
4984
4987
4986
4989
4988
2408
9268
9252
14068
14069
14067
14064
14065
14062
16876
3249
3248
3243
3242
3241
3246
3245
3244
13258
13259
13254
13255
13256
13250
13251
13252
13253
3053
14208
14209
5498
5499
3150
3309
5494
5495
3304
5497
14206
5491
5492
5493
6312
12142
12141
6311
12147
6317
12145
12144
4140
13492
13679
13493
12149
14567
12148
9346
18027
13497
4743
13494
4742
11043
2067
13670
14562
4740
13676
14560
13677
8291
15006
8293
15556
6532
8294
15001
15565
8299
8298
13675
15559
15558
6538
6539
15566
8241
8794
8795
4064
8796
18907
14568
15567
5868
3878
3879
3872
3873
3874
3875
3876
3877
4065
8479
8478
8475
8474
8477
8476
8471
8470
8473
8472
7566
9652
7564
7565
7562
7563
7560
10438
10129
7568
7569
10128
9308
9309
19323
10431
15319
9305
15562
9658
4167
13897
13894
10120
4163
4162
4161
4160
10435
4169
4168
9302
10124
17604
8648
4069
15967
15405
18882
12026
5937
5936
5935
12027
5933
5932
5931
16113
16119
5939
5938
11141
3498
17576
3496
3494
2184
3492
3493
3491
13401
4571
4572
13402
4574
13404
13407
13406
13409
13408
13515
11667
11666
11665
11664
11663
11662
11661
11660
4602
11669
13512
9784
17794
17791
4702
11308
11309
14242
15408
12556
2799
5748
9017
5749
7368
7369
9759
13769
7360
7361
7362
7363
7364
7365
7366
7367
12316
12317
9010
12315
12312
12313
12310
12311
11937
11936
11935
11934
11932
11931
11930
15638
12919
12077
9758
12910
12911
12912
12913
12914
12915
12916
12917
9007
9006
9005
9004
9003
10229
7025
9000
10224
10225
10226
10227
10220
10221
10222
10223
3331
15613
7597
7596
8009
9830
3330
9831
15942
7593
15941
15944
7592
7799
7798
7591
7791
7790
7793
7792
7795
7794
7797
7796
3337
4280
14325
6095
4378
4379
8004
4372
4373
4370
4371
4376
4377
4374
4375
11069
11068
14327
14541
11060
11063
11062
11065
11064
11067
11066
8660
8661
8662
15497
8664
8665
8666
8667
8668
8669
15498
15499
13791
13790
4082
13792
4084
13794
4086
13796
13799
1649
11322
11323
11320
11321
11326
11327
11324
11325
11328
11329
5728
5729
5722
5723
5720
5721
5726
5727
5724
5725
14320
11498
11499
13763
11490
11491
11492
11493
11494
11495
11496
11497
8084
8085
8086
8087
8080
8081
8082
8083
3844
8088
8089
4080
9207
16565
16562
6648
6649
6644
12674
6646
6647
6640
6641
6642
12672
10813
10812
10811
10810
10817
10816
10815
10814
10819
10818
7801
7800
7803
7802
7805
7804
7807
7806
7809
7808
16309
15215
16301
16305
11239
15213
6398
6399
15087
6392
6393
6390
6391
6396
6397
6394
6395
2396
2394
16828
12969
12968
12442
4135
12539
3841
3840
1852
5690
15640
5691
2177
4969
4968
4967
3845
2178
2179
4963
4960
14045
14046
3847
14042
14043
3846
14048
14049
3260
3263
5431
3265
3264
3267
3266
5124
5125
5126
5127
5120
5121
5122
5123
7944
7945
7946
15547
9192
13988
3365
13232
13233
13230
13231
13236
3366
13234
9194
14220
14221
14954
3367
14224
7942
14226
14951
14229
3695
9196
3361
10376
14734
9198
18821
10375
10372
10373
10370
7239
12525
6886
6887
6884
6885
6882
6883
6880
6881
12874
6888
6889
12524
18728
4045
4272
15573
13961
15577
8279
8278
8277
4277
15579
15578
8273
8272
8271
8270
12526
4275
10773
4274
10770
9516
4047
9511
9510
13969
10774
9512
12659
6235
8419
8418
12205
8413
8412
8411
8410
8417
8416
8415
8414
15469
6236
7588
7589
9809
9808
7584
7585
9805
9804
7580
7581
7582
6230
6662
7985
6233
11105
12652
12203
12193
12650
12657
12656
6482
12655
6483
11829
6952
6481
4149
4148
4145
6954
4147
4146
4141
4043
4143
4142
3857
3854
3852
6484
3850
11824
6485
14859
3858
3859
18555
11821
9337
14672
2661
11823
11822
16145
15426
16173
16170
16171
5919
5918
16175
5915
5914
5917
5916
5911
5910
5913
5912
15421
12823
17223
17550
10512
16892
4558
9774
4556
13426
13425
4555
13423
10510
4550
4551
10511
11689
11688
11685
11684
11687
11686
11681
11680
11683
10517
10515
15423
14981
14980
14983
14982
6175
14985
8863
13438
16794
16795
15735
16793
4548
8585
14986
16799
12086
6076
12084
6074
6073
6072
12080
6070
6079
6078
2617
2616
2615
2612
2610
2618
7346
7347
7344
7345
7342
7343
7340
7341
10794
10027
10796
10025
10790
10023
10792
10021
16404
4542
4544
4619
12338
12339
12334
12335
12336
12337
12330
12331
12332
12333
7009
7008
10248
10249
9029
9028
7001
10243
7003
9026
7005
7004
10244
9022
18682
18686
15429
1609
2949
2948
2947
2945
2943
2941
2940
5357
5356
5355
5354
5353
5352
5351
5350
5359
5358
15064
4310
4311
4312
4313
4315
4316
4317
4318
4319
11047
11046
11045
11044
14563
11042
11041
11040
14569
11048
6552
3119
3118
3116
12627
3113
3111
3110
15963
15966
8649
8646
8644
8645
8642
8643
8640
8641
6558
6559
5740
5741
5742
5743
5744
5745
5746
5747
11300
11301
11302
11303
11304
11305
11306
11307
4087
14517
12731
12112
5267
3183
12536
12537
12535
12532
12533
12530
15211
12538
15219
14731
15399
16098
5269
16090
16093
5268
16094
16545
6668
6669
12653
6663
6660
6661
6666
6667
6664
6665
10879
10878
17870
10871
10870
10873
10872
10875
10874
10877
10876
19847
16890
16325
16324
12113
15912
2132
1877
1874
13562
4945
4944
4947
4946
4941
4943
4942
4949
15535
2115
15393
14023
14026
14027
9306
14025
14029
4089
4019
17057
5108
4018
17052
3289
5102
3286
5100
5101
3283
3282
5104
3280
13210
13211
13212
13213
13214
11391
13216
13217
13218
13219
6611
11135
13702
14454
10499
13703
10497
10496
10495
10494
10493
10492
10491
10490
14799
13701
14978
14979
14974
14791
14792
14793
14970
14795
14797
2621
11399
4554
13705
7504
14024
7505
9885
14737
9884
9883
14458
9882
7502
9880
14162
4552
6868
6869
15396
6864
6865
6866
6867
6860
6861
6862
6863
7351
17986
7350
3980
9580
7509
4553
7352
9238
9587
8255
8254
8257
8256
8251
9584
8253
8252
7356
8259
8258
15519
9234
8789
8788
4531
10012
8783
8782
8781
8780
8787
10011
8785
8784
9237
7618
7619
7614
7615
7616
7617
7610
7611
7612
7613
9232
5105
8431
8430
8433
8432
8435
8434
8437
8436
8439
8438
16023
9825
9824
9827
9826
9821
9820
9823
9829
9828
12528
13215
6125
12776
12777
12770
6120
8516
6123
13959
12595
12773
8042
8043
15297
8512
12591
4129
4128
6152
8510
4123
4122
4121
12593
4127
4126
4124
4196
5689
5688
4197
5685
5684
5687
5686
5681
5680
5683
5682
9146
13864
22786
10498
4193
15295
13458
4191
9147
11519
11518
11515
11514
11517
11516
11511
11510
11512
15292
5979
5978
5973
5972
5971
5970
5977
5976
5975
5974
13881
13431
7567
14790
14975
2587
2581
2580
2588
14052
14806
14973
10951
6059
6058
6055
6054
6057
6056
6051
6050
6053
6052
10004
10005
10006
10007
2639
10001
10002
10003
2637
10008
10009
9599
9598
9229
9228
9595
9226
9597
9224
9591
9590
9221
9592
12358
12359
12352
12353
12350
12351
12356
12357
12354
12355
10260
10261
10262
10263
10264
10265
10266
10267
10268
10269
15132
12616
9049
9048
9043
9042
9041
9040
9047
9046
9045
9044
3545
3546
3547
3540
3541
3542
3543
3548
3549
12615
20976
2078
13889
13456
2965
2967
2966
2961
2960
2963
2962
5847
2968
5379
5378
5374
5377
5376
5371
5370
5373
5372
13005
13004
13007
13006
13001
13000
13003
13002
14576
13009
13008
4338
4339
4336
4337
4334
4335
4332
4333
4330
4331
3135
3134
3137
3136
3131
3130
3133
3132
14584
14586
14581
3138
14583
14582
13375
8742
14578
15986
15984
15980
13457
5768
5769
5766
5767
5764
5765
5762
5763
5760
5761
15187
15185
15182
15183
15180
15188
13372
12446
15347
6436
15324
15325
8196
12443
12518
6431
12514
12515
12516
12517
12510
15231
12512
12513
7427
7426
7425
7424
7423
7422
7421
7420
15779
7428
16521
16520
16522
6600
12630
12633
6603
9307
12634
12637
6607
6608
12638
10857
10856
10855
10854
10853
10852
10851
10850
15771
10859
10858
15773
15772
9301
14164
12189
12188
12187
12186
12185
12184
12183
12182
12181
12180
2358
2359
2352
2353
10703
2355
17326
6736
17693
3739
3738
3737
3736
3735
3734
3732
3731
3730
4923
4690
4693
2135
4927
4694
4925
4696
13588
13589
4929
4928
11726
11727
11724
11725
11722
11723
11720
11721
11728
11729
5160
14009
5162
5163
5164
5165
5166
5167
5168
5169
14002
14003
14004
4802
14006
4803
17074
2781
17077
4776
15580
4777
2782
4774
4808
9698
9699
9696
9697
9694
9695
9692
9693
9690
9691
14918
14919
4770
14913
14910
13640
14914
14915
20561
8250
10602
17349
11604
5779
10600
8817
10601
13649
9461
4779
9460
10604
11602
12154
6848
6849
4579
12155
6842
6843
6840
15750
6846
6847
6844
6845
12157
15270
11051
11609
14572
6300
14573
18255
12152
15271
6302
6590
8232
8231
6593
6594
8236
6596
6597
6598
6599
8239
8238
15539
15538
13517
15511
15510
15513
9942
7638
7639
7632
7633
7630
7631
7636
7637
7634
7635
11955
14126
15516
11957
14124
14843
14123
11950
9843
9842
9841
9840
9847
9846
9845
9844
4436
9849
9848
16035
16034
16033
13514
3068
3092
3122
3090
3091
3097
3094
3095
6377
16216
17840
4101
4100
4103
4102
4105
4104
4107
10423
4109
4108
9315
10421
9641
16746
9640
17610
3899
9643
15277
3892
3893
3890
9642
3896
3897
3894
17345
9165
14456
13416
8651
10154
8741
5951
5950
5953
11538
5955
5954
5957
5956
5959
5958
11531
11530
11537
11536
11535
11534
15279
8656
9167
4610
4613
9160
4612
18415
4615
16164
13505
2562
4616
9161
3335
15652
6039
6038
17266
6033
6032
6031
6030
6037
6036
6035
6034
10062
9204
10060
9206
10066
9200
10064
9202
2652
10068
10069
9209
9208
2654
7388
7389
12635
7382
7383
7380
7381
7386
7387
7384
7385
12370
12371
12372
12373
12374
12375
12377
12378
12379
9061
9060
9063
9062
9065
9064
9067
9066
9069
10287
10284
10285
10282
10283
10280
10281
9342
3562
3563
3560
3561
3566
3567
3564
3565
3568
3569
17488
4484
4485
4486
4487
4480
13390
13393
4483
17089
4488
13398
2903
2901
18515
2907
2906
2905
2904
13355
2909
2908
11883
11882
11880
11887
11886
11885
11884
14615
14614
11889
11888
14611
14612
5319
5318
3036
5313
5312
5310
5317
5316
5315
5314
13023
13022
13021
13020
13026
13025
13024
13029
13028
3216
3152
11089
11088
3157
3156
17872
11083
11082
11081
11080
11087
11086
11085
11084
10747
3213
12248
17027
2482
9419
8574
8575
8576
8577
8570
8571
8572
8573
11761
8578
8579
15258
12579
12572
12573
12570
12571
15256
12577
12574
12575
7409
7408
7405
7404
7407
7406
7401
7400
7403
7402
4650
16059
19086
2814
16505
19736
16050
16501
16500
6628
6629
12617
6627
6624
12614
12613
12612
6620
6621
24730
4652
15703
15221
14553
12507
15019
15226
13625
4715
4716
4717
4710
4711
13623
4713
13629
14705
10641
14704
14703
12509
10728
3715
3714
3717
4120
3711
3710
3713
3712
15357
14700
3719
8189
17672
12974
2717
4909
4908
12975
2302
13568
13569
4677
13567
13564
13565
4673
4904
4907
4906
11708
11709
8188
11704
11705
11706
11707
11700
11701
11702
11703
5148
5149
5146
5147
5144
5145
5142
5143
5140
5141
10725
17011
17014
16440
10699
15354
7956
10349
5425
7222
10724
5424
7225
3375
9169
5426
7951
3373
7950
3372
9164
10727
3371
7228
13896
13530
3370
16446
10693
17029
10400
7246
7245
7244
7243
7242
7241
7240
10347
7249
10346
4214
9162
9163
15351
6820
6821
15733
6823
6824
6825
6826
6827
6828
6829
10545
10544
10547
10546
10541
10540
10543
10542
10549
10548
6675
12645
12646
14282
8816
8815
14281
14286
8812
8811
8810
14938
12640
14288
8819
8818
8219
8218
6673
8749
8748
8211
15086
8213
15084
8215
15082
8217
8216
7650
7651
7652
6496
7654
7655
7656
7657
7658
7659
8175
12279
6493
6961
12278
6492
12649
8178
16060
8179
16085
4245
8883
6499
9567
15389
9869
12271
18431
9569
9861
9860
9863
4241
9865
9864
9867
9866
14426
11147
11144
11145
8738
14423
11140
14421
6244
15339
11148
11149
15479
6246
18138
12276
5525
5380
14669
11849
9182
14551
14556
13818
15473
13816
13817
13814
13815
13812
15470
13811
NULL
11838
15476
5387
18131
14660
5389
10603
14846
14664
15358
11551
11550
11553
11552
11555
11554
11557
11556
11559
11558
14667
16153
14554
13476
16157
11845
14555
14557
10607
6968
8870
13516
14990
19941
14997
6011
6010
6013
6012
6015
6014
6017
6016
6019
6018
8876
10605
17240
9263
10049
9261
9260
9267
9266
10738
9264
10040
10737
9269
10735
10044
10045
10730
10047
12398
12399
12397
12394
12395
12392
12393
12390
12391
8396
9089
9088
9087
9086
9085
9084
9083
9082
9081
9080
3508
3509
5089
5088
3500
5082
5081
3503
5087
3505
5085
5084
2670
2673
2679
2921
6273
2922
2925
2924
2927
2926
5331
5330
14639
14638
5335
5334
5337
5336
5339
5338
14630
14637
14636
14635
14634
13049
13048
11825
13041
13040
13043
13042
13045
13044
13047
13046
15076
15075
13301
3171
15072
3173
3172
3174
3177
3176
15071
13243
15078
15079
6276
2323
2785
5250
8552
12807
12552
15273
12802
15275
12800
12801
12558
12559
8558
8559
8000
8001
8002
8003
15446
5255
1863
4419
7469
7468
7463
7462
7461
7460
7467
7466
7465
7464
5329
16079
14191
19711
14197
15252
8317
3725
10899
10898
10893
10892
10891
10890
10897
10896
10895
10894
15822
17689
7030
4686
13596
15826
4684
4685
7031
4934
4935
13603
13737
4730
4731
4736
4737
2318
13736
4738
4739
2313
5854
5855
5856
5857
5850
5851
5852
5853
4022
5858
5859
3773
3772
3771
3770
3777
3776
3775
3779
3778
4655
13545
4657
4656
4651
13599
4653
13543
17380
13598
13548
4658
11734
7889
7888
11736
12658
16386
7881
11763
7883
7882
7885
7884
11764
11765
17030
17034
17035
14336
14441
4746
14334
7036
11738
21290
15138
11389
14444
14333
20522
14446
11127
10387
10386
10385
10384
10383
10382
10381
10380
10000
10389
10388
16926
7269
7268
7265
7264
7267
14018
7261
7260
7263
7262
12235
12234
12237
6207
6200
12230
6202
12232
6208
12238
6808
6809
6806
6807
6804
6805
6802
6803
15711
6801
10563
9745
10561
9747
10567
10566
10565
9743
10569
10568
9748
9749
17975
8839
8838
8835
8834
8837
8836
8831
8830
8833
8832
3011
16670
9227
7678
7679
7676
7677
7674
7675
7672
9225
7670
7671
9596
9223
9222
11861
9593
9220
6113
18073
13332
10242
12701
11168
11169
17126
12700
11164
11165
14406
11167
14400
11161
11162
11163
8765
8764
8767
8766
8761
8760
8763
8762
12705
8769
8768
12704
13834
8501
13836
13837
13830
13831
13833
12706
8051
12709
8050
12708
8505
8056
8507
5629
5628
5627
5626
5625
5624
5623
5621
5620
8493
8492
8491
8490
8497
8496
8495
8494
8499
8498
13872
10966
4185
4184
5995
5994
5997
5996
5991
5990
5993
5992
11577
11576
11575
11574
5999
11572
11571
11570
16006
23840
10960
5660
10247
4678
6357
6781
6780
6783
6782
6785
6784
6787
6786
6789
6788
10245
4676
4675
16248
16249
16718
15031
16717
19966
16710
14533
12008
12006
12007
12004
12005
12002
12003
12001
4674
2888
9249
9248
9539
9538
9537
9240
9243
9242
9245
9532
9247
9530
17005
3698
3699
6350
3690
3691
3692
3694
4672
3696
3697
3596
2769
4671
3526
3527
3595
3522
3523
3520
3521
3528
3529
4670
5738
10714
10715
10716
10717
10710
10711
10712
10713
2697
2696
10718
2692
2691
2690
14651
14650
14653
14876
14655
14870
14873
14872
14659
14658
16245
13558
13067
13066
13065
13064
13063
13062
13061
13060
13069
13068
5934
15371
3599
4534
15370
17832
17833
17835
10668
4535
14758
16360
4537
15375
7199
7198
7193
7192
7191
7190
7197
7196
7195
7194
12473
6403
10422
6400
8538
8539
8028
8029
12828
12829
15298
15299
8530
8531
8020
8021
8534
12821
8536
8537
7441
7440
7443
7442
7445
7444
7447
7446
7449
7448
15314
2267
12114
6408
8186
15768
10420
6877
17613
2447
13993
4533
13991
4281
4286
13996
4284
13994
4288
13998
7767
5090
4626
12117
16369
14412
10427
13661
4751
13663
13662
4754
13664
13667
4757
5872
5873
5870
11299
5876
5877
16017
5875
11292
11293
5878
11291
11296
11297
11294
11295
3759
3758
3751
3753
3752
3754
3757
4633
12119
4631
4630
4637
4636
4635
4634
13528
4638
11740
11741
11742
11743
11744
11745
11746
11747
11748
11749
19597
14417
14730
13298
13299
2641
2045
13290
14416
13292
13293
13294
13295
13296
13297
4761
13651
13652
6194
6195
6196
6197
6190
6191
6192
6193
6198
6199
13655
2735
2736
2737
2730
2731
2733
4766
2738
8222
9186
9187
9184
9185
10369
9183
9180
9181
10365
10364
10367
10366
10361
10360
10363
10362
12129
7209
7208
16905
11617
7203
7202
7201
7200
7207
7206
7205
7204
6222
12212
6220
12210
6226
12216
12215
12214
11612
6228
6229
10503
18011
15848
10639
11611
15847
15845
10509
10508
9760
9761
9766
9767
9764
9765
10501
10500
9768
10502
10505
10504
10507
10506
18940
12122
6374
6375
8859
8858
12127
8853
8852
6370
8850
8857
8856
8855
8854
10141
10416
10143
10414
13450
10145
10144
5274
5275
5276
5277
5270
10147
5272
5273
10410
5278
5279
14580
14130
9492
10424
14133
10228
14134
10319
11943
11940
16021
17457
14137
18369
18368
11108
11109
3038
3039
17990
14462
14463
14460
11101
3030
11107
11104
14465
8703
8702
8701
8700
8707
8706
15597
8704
15599
15598
8709
8708
13852
13853
13850
13851
13857
13854
13855
13858
13859
5605
9322
5607
5606
5601
5600
5603
9631
5609
9632
9633
9326
16207
9327
9636
9325
16998
6651
8941
9282
10683
16999
4692
12455
12454
12457
6427
12451
6421
6422
6423
12459
6429
6257
10680
22253
10681
12817
16674
6769
6768
6767
6766
6765
6764
6763
6762
6761
6760
9977
9976
9975
9974
9973
9972
9971
9970
9979
9978
16734
16737
16733
16738
12024
12025
16228
16229
12020
12021
12022
12023
10312
12029
16225
2161
14518
15313
2509
2508
2506
2501
15050
17170
5049
5048
5047
5046
5045
5044
5043
5042
5041
5040
10772
9514
9517
10771
10776
10777
9513
10775
10778
10779
9519
9518
14853
14852
14857
11828
14678
14677
14676
11827
11826
14673
11820
14671
14670
15317
13089
13088
13085
13084
13086
13081
13080
13083
13082
0
15316
15058
5183
18770
3205
3204
10057
5186
4291
20281
3202
10196
10197
10194
10195
10192
10193
10190
10191
3200
10198
10199
5613
13579
15109
15102
15103
15100
15101
13578
10675
7980
8040
8517
8514
12597
8044
8045
8046
8047
8048
8049
12598
12599
8518
8519
12848
12849
12842
12843
12840
12846
12847
12844
12845
10052
14666
4290
11398
10151
11989
2266
7983
13658
10444
10157
7984
15039
13577
13647
13646
13645
4775
4772
4773
13641
4771
4778
15239
14246
10446
12838
14244
2700
5818
5819
10155
14713
16039
16038
5810
16036
5812
5813
5814
5815
5816
5817
10354
15237
4293
17346
17347
17612
14241
17342
17615
12511
13508
13509
15232
15662
4611
13501
13502
13503
13504
4614
4617
13507
12940
2705
15665
13573
15664
17572
2706
10358
6924
4885
4887
10442
16693
16696
16699
7960
10689
3343
3340
2712
2710
2711
9179
2715
2718
9178
3347
7957
10682
7223
10348
9168
7224
7227
7226
10343
10342
9166
10692
10695
10694
10345
7958
16968
9174
9173
9172
6248
6249
9171
6240
12270
6242
6243
12275
6245
12277
6247
10527
10526
10525
10524
10523
10522
10521
10520
10529
10528
9708
9709
17579
15306
9700
9701
9702
9703
9704
9705
9706
9707
8871
12631
8873
8872
8875
8874
14994
6601
8879
8878
14998
6602
4404
17164
12632
6604
6605
12491
4407
6606
4258
4400
6815
12636
8161
13310
2631
12639
12492
4402
6609
6972
4403
8166
5252
5253
14198
14199
5256
5257
5254
9572
14192
14193
5258
6971
14196
6259
14194
14195
15821
13940
12269
15827
4250
15829
13942
13943
10207
13945
11120
14337
11122
11123
11124
11125
11126
14331
11128
11129
13947
9579
14338
14339
3019
7920
5940
3012
3013
3010
5941
3016
3017
12267
8729
6255
8721
8720
8723
8722
8725
8724
8727
8726
4189
4188
7921
14838
4181
13871
4183
4182
13874
5391
4187
4186
5663
5662
5661
5390
5667
5666
5665
5664
5669
5949
18143
8274
6409
5838
10539
14833
14832
14835
14834
2741
14837
11804
10200
6402
12472
12471
6401
6406
6407
6404
6405
8185
8184
8187
12478
8181
8180
8183
8182
7764
7765
7766
6234
7760
7761
7762
7763
7768
7769
4198
3905
3906
3907
3900
3901
3902
3903
3908
6745
6744
6747
6746
6741
6740
6743
6742
6749
6748
9959
9958
9955
9954
9957
9956
9951
9950
9953
9952
16200
19921
16756
19251
12042
12043
12040
12041
12046
12047
12044
12045
3470
12048
12049
3471
12130
12918
11632
8885
4194
17438
12131
3658
3659
3654
3655
3657
3650
3651
3652
3653
2525
2527
2746
12136
2529
11465
11464
11467
11466
11461
11460
11463
11462
11469
11468
5065
5064
5067
5066
5061
5060
5063
5062
5069
5068
17150
17408
17154
17407
17400
13878
13319
13318
13315
4405
13317
13316
13311
4401
13313
13312
9573
10759
9571
9570
9577
9576
9575
9574
10750
10751
10752
10753
10754
10755
10756
10757
5393
5392
11809
11808
5397
5396
5395
5394
11803
11802
11801
11800
11807
11806
11805
14836
21764
8547
12826
6572
6573
14844
15041
12827
4388
6577
9397
9396
9395
9394
9393
9392
9391
9390
6591
15044
9399
9398
17048
15331
15049
15125
15126
15127
15120
6592
15123
15128
15129
6915
15330
4384
12273
7159
7158
7157
7156
7155
7154
7153
7152
7151
7150
15333
8602
2660
12860
12272
12862
13391
12866
12867
8066
12869
8064
8065
8062
8063
8060
8061
7485
7484
7487
7486
7481
7480
7483
7482
8603
7489
7488
6595
2899
2898
2894
2897
2893
2892
1455
12274
12853
13592
11196
22357
22351
5240
15927
6907
13591
13134
15830
13136
6906
13590
4922
3838
13582
13583
4798
4794
13584
4796
4797
4790
4791
4792
13585
5836
4031
5834
5835
5832
5833
11258
11259
11256
11257
11254
11255
11252
11253
8604
11251
4699
13723
6904
4698
4035
3287
13876
15338
13726
13727
11784
4039
11786
11787
11780
11781
11782
11783
11788
13877
15122
6902
2669
6901
3005
6900
14301
12789
17365
3006
12781
12780
6491
12782
12785
12784
12787
12786
10321
10320
10323
4898
10325
10324
10327
10326
2770
10328
2772
4890
4897
4896
4895
4894
9498
9499
9148
9149
7979
7978
18355
7975
9143
7977
9141
9494
9495
9144
9497
6266
12256
12255
6265
12253
12252
6260
12250
6268
12258
6835
20850
17097
14001
4078
17099
9726
9727
9724
9725
9722
9723
9720
9721
10241
35330
9728
9729
21321
3466
3465
3464
3462
3461
8898
8897
8896
8895
8894
8893
8892
8891
8890
20586
16663
4905
2407
5238
5239
5230
5231
5233
5234
5235
5236
5237
13126
13127
13124
13125
13122
6318
13120
15807
15805
15804
6909
15800
12854
14800
3070
3071
3073
14318
3075
3076
3077
3078
3079
14316
19369
14310
14311
14312
14313
12712
12713
11614
12710
17955
2402
12716
6146
10246
11615
12715
5649
5648
5641
5643
5642
5645
6149
5647
5646
12719
8068
8069
12868
12490
8067
4826
12493
10973
6468
6469
6460
12410
6462
6463
6464
6465
6466
15376
7742
7743
7740
7741
7746
7747
7744
10979
7748
7749
3923
3920
3926
3927
3924
3925
3928
3929
12495
8307
8306
6721
6720
6727
8302
6725
8300
10299
6729
6728
8309
9073
6554
9939
9938
9933
9932
9931
9930
9937
9936
9935
9934
13498
12497
16774
16776
12068
12069
10293
12060
6090
6093
6092
12064
6094
6097
12067
13499
12806
4823
12496
10351
3678
13176
3672
3673
3670
3671
3676
3677
3674
3675
2543
2542
2546
2549
7002
11443
11442
11441
11440
11447
11446
11445
11444
11449
11448
12805
3580
3581
3582
3583
3584
5006
5005
5004
3588
3589
5009
5008
12594
11618
12213
13958
3290
17131
17130
13339
4429
36726
13333
4423
13331
13330
13337
13336
4424
13334
9559
9558
14923
9551
9550
9553
9552
9555
9554
9557
9556
12150
12596
14922
3292
20135
13490
8743
14860
13953
8934
8935
11863
8937
8930
11864
8932
11866
11869
11868
8938
8939
14819
14818
12592
15143
15141
15146
15149
7175
7174
7177
7176
7171
7170
7173
7172
7179
7178
8628
13951
2917
2225
6077
8740
8629
12888
12889
12887
12884
12885
12882
12883
12880
12881
6419
12469
14764
14766
14761
14762
6075
14769
6415
12938
12465
16959
14643
12466
6416
12460
12461
15753
13939
4229
4224
4226
6412
4220
13930
4222
4223
5586
5587
5584
5585
5582
5583
5580
5581
15757
24797
5588
5589
8625
8877
11274
11275
13689
11277
11270
11271
11272
11273
13682
13681
13680
13687
11279
13684
19061
8627
8500
7906
19484
14943
17415
17114
2286
6453
19680
2055
4920
13448
8314
3238
8315
8623
8316
10905
10904
10907
10906
10901
10900
10903
10902
6734
10909
4536
6735
9120
9121
9122
9123
10659
9125
10309
9127
10307
9129
10657
10656
10303
10302
10301
10300
7919
8230
4820
4795
7913
7912
7911
7910
7917
7916
7915
15532
10628
4618
6288
8235
13797
10629
6284
6285
6286
6287
6280
12138
6282
6283
8506
12139
9407
4793
11626
9405
5837
11624
7988
21301
4924
10621
10622
9408
3449
5830
3445
3444
3447
5831
3441
3440
3443
3442
2756
2757
2755
2020
12134
2750
12135
2029
2759
9835
10152
10153
4217
10402
5216
5217
5214
10403
5212
11250
14158
3149
14156
9331
5839
14152
14153
14150
14151
10406
3534
14592
10407
13108
13104
13105
13106
13100
13101
13102
13103
18657
14487
14480
14481
14482
14483
14488
18658
9338
17930
14378
14379
3059
14372
3057
3054
14371
3052
14377
3050
14375
10013
9628
3539
15683
15685
15687
15686
9624
13116
10010
15425
12436
6916
6445
6442
12432
6912
12430
6918
6919
12439
6449
8626
11785
6339
7728
7729
7720
7721
7722
7723
7724
7725
7726
7727
3948
12079
10016
3940
3941
3942
6089
3944
3945
3946
3947
6709
6708
8329
8328
6454
12076
8325
8324
8327
6702
8321
6704
8323
6706
9911
9910
9913
9912
9915
9914
9917
9916
9919
9918
39080
6080
14802
6081
4422
12175
13746
4056
4055
4054
13742
4052
4051
4050
4059
4058
3610
3611
3613
3614
3615
3616
3617
3618
3619
4180
2569
2560
12170
2565
2564
2567
11429
11428
11421
11420
11423
11422
11425
11424
11427
11426
5029
5028
17115
17442
17113
10117
12171
5023
5022
5025
5024
5027
5026
4440
13350
13353
13352
4444
13354
4446
13356
13359
13358
4490
13977
4965
13976
7324
3397
13979
10466
10467
10464
10465
10462
10463
10460
10461
3236
29269
10468
3237
15028
13978
8912
8913
8910
8911
8916
8917
8914
8915
11847
11846
8918
8919
11842
11841
11840
15168
15169
3239
15160
15161
15162
15163
3279
15166
7329
7113
7112
7110
7117
7116
7115
3646
7119
7118
18795
12231
7933
3964
7290
15137
12179
30048
3826
12952
14743
14742
14741
14740
14746
14748
7292
5811
15674
15675
12956
4208
13918
5399
4202
4203
4200
13910
13917
4207
4204
4205
5568
5569
12788
7294
5565
5566
5567
5560
5561
5562
5563
17367
5398
7932
12261
7295
12959
11212
11213
11210
11211
11216
11217
11214
11215
11218
11219
12783
19048
14271
14270
7968
15240
12563
14276
2778
7297
14275
2779
3352
4899
3415
10322
12567
12239
5014
7298
10329
4892
15253
4891
7299
2773
16183
16182
16181
16180
16186
10378
16630
16633
16632
3904
3891
6118
6119
16414
6114
12744
6116
6117
6110
6111
6112
12742
10923
10922
10921
16944
10927
10926
10379
10924
17321
10929
10928
6638
17327
7283
7282
10679
7280
9458
7934
7285
7936
9454
9455
9104
9105
9450
9451
9452
9453
16459
9142
9491
16453
16980
9140
12299
7976
12292
12291
12290
12297
12296
12295
12294
9839
7973
9145
21189
6267
6264
12254
6262
15340
6263
7391
6613
17588
12251
6612
3422
3421
13309
3427
3426
3425
3424
13306
12621
4589
4588
4859
4416
4857
4856
4855
4586
4581
4580
4583
4582
14174
14175
18495
13305
14170
14171
15451
4413
14178
12480
4412
11988
12481
12259
11982
11983
6269
11986
11987
11984
15455
6967
6966
10581
8624
10583
10582
10585
10584
10587
10586
10589
13163
13160
13161
13166
13167
13164
13165
11182
14351
14352
11181
11186
11187
14356
11185
8620
11188
11189
11539
8621
5952
8150
17914
17913
5176
11533
10038
11532
3419
12987
12986
12985
12983
12982
12981
12980
12989
12988
8565
6733
15704
12584
6932
15402
6930
6931
6936
6937
8129
8128
8127
8694
8125
8696
8123
8122
8693
8692
7706
7707
7704
7705
7702
7703
7700
7701
7708
7709
6221
7514
8349
8348
8343
8342
8341
8340
8347
8346
8345
8344
5178
6973
9422
4079
8899
4075
4074
13766
4076
4070
4072
3966
5796
5795
5794
5793
5792
3960
5790
3968
5798
3636
3637
3634
3635
3632
3633
3630
3631
3469
6451
3468
11407
11406
11405
11404
11403
11402
11401
11400
11409
11408
17467
17466
2489
4722
13379
13378
4466
4467
4464
13374
13373
4463
4460
4461
15276
16843
16841
12176
6326
12174
6324
12172
12173
6321
6320
11056
12178
6328
11025
14507
9667
9666
9665
9664
9663
10449
9661
10119
10116
10445
10114
10115
10440
10113
9669
10443
8520
8978
6565
15055
8970
8971
8972
8973
8974
8975
8976
8977
9195
14509
15924
15051
7139
7138
15052
7131
7130
7133
15053
7135
7134
7137
7136
14353
5871
4868
4239
1738
2839
2838
2837
2836
2834
2833
14355
2830
3391
3390
5405
5404
5403
3394
5401
5400
14721
14720
14723
14722
14724
5409
5408
6619
7688
7947
4260
4261
4262
4263
13975
4265
4266
4267
4268
4269
5130
3822
18501
5548
5549
5542
5543
5540
5541
5546
5547
5544
5545
8598
8599
8596
8597
7941
8595
8592
8593
8590
8591
5890
5891
5892
5893
5894
5895
5896
5897
11230
11231
11232
11233
11234
11235
11236
11237
4664
13128
7943
4665
11616
4666
13576
13571
4661
4910
8156
13572
9894
9895
9896
17262
9890
9891
9892
9893
9526
9898
9899
4861
6084
16618
13919
16610
16614
6138
12768
6132
6133
6130
12760
6136
6137
12765
6135
10949
10948
10941
3074
10943
10942
10945
10944
10947
10946
9205
9478
9479
16472
4889
16470
9472
9473
9470
9471
9476
9477
16479
9475
14314
9521
10061
8979
9201
10067
14317
9203
10065
4865
2241
2242
2650
2657
2656
3401
3400
3403
3402
3405
3404
3407
3406
4875
4874
4877
4876
4871
4870
4873
4872
4879
4878
24120
10611
10610
10613
10612
10615
10614
10617
10616
10619
10618
2790
13491
2796
2797
2794
13495
14113
14110
14111
14116
14117
14114
14115
14118
17704
16812
13140
13141
13142
13143
13144
13145
13146
13147
13912
13149
9589
9780
9781
9782
9783
4033
9785
9786
9787
9788
9789
12553
18619
13911
18611
16653
9608
9402
12555
9401
8210
12729
6179
8786
12727
15649
15648
12726
12965
12964
12967
12961
6174
12963
12962
7096
7097
7094
7095
7092
7093
7090
7091
7098
7099
8071
12557
12894
8212
6171
12897
13915
8105
8104
8107
8106
8101
8100
8103
8102
8075
8109
8108
8074
6958
6959
6488
6489
8077
6950
15460
6480
6953
6486
6955
6956
6957
5113
10721
8214
8361
8360
8363
8362
8365
8364
8367
8366
8369
8368
9404
6535
11133
13819
10288
10289
5644
10286
3186
3187
3181
3182
9068
3188
22453
7026
11131
11397
11396
11395
11394
11393
11392
12973
11390
4013
4012
13700
4010
13706
4016
4015
4014
6530
3988
3989
15457
3985
3986
3987
11130
3981
3982
3983
15922
5039
15458
12158
10344
16281
16286
16287
7255
14391
8053
17480
2481
2477
2476
2475
2474
2472
2471
2470
2479
7874
7875
7876
7877
7870
7871
7872
7873
7878
7879
13395
13394
16866
16867
16860
13397
13396
6309
12159
6305
6304
6307
6306
6301
12151
6303
12153
10134
10135
10136
10137
10130
10131
10132
10133
13392
10138
10428
10429
9649
9648
9319
9318
9317
9316
9647
9314
10426
9312
9311
10425
8956
8957
8954
8955
8952
8953
8950
8951
13399
8958
8959
11610
4209
15744
15746
15740
3214
1984
3217
3210
3211
3212
1981
3320
2740
12419
2811
2810
2813
12418
2819
2818
14255
14706
14257
14256
14251
14702
14253
14252
14259
14258
14709
5429
5428
3379
3378
3377
3376
5427
3374
5421
5420
5423
5422
12411
6461
14619
13627
15373
14618
12412
15391
4248
4249
13957
13956
4244
13954
4242
4243
4240
12414
5520
5521
5522
5523
5524
12417
5527
5528
5529
18136
6467
13653
14617
13560
14616
7745
1584
10111
23196
6547
6546
6545
6544
6543
6542
6541
6540
6549
6548
13656
19821
16340
12437
14291
14926
17523
7517
7516
7515
8807
7513
7512
7511
7510
14295
7519
7518
16671
6356
16672
19371
14297
16676
16679
8803
6354
3573
6150
6151
12703
12702
6154
6155
6156
6157
6158
6159
6353
10967
6723
10965
10964
10963
10962
10961
6722
13913
4528
8305
10969
10968
4831
8304
4830
8303
13454
6726
12433
4524
8301
15521
16495
4835
16497
6724
16491
16490
4522
6479
12109
8758
6359
6586
15526
6584
8206
2188
8755
11638
2260
2261
12431
6589
2264
7996
6588
9438
8202
8233
7994
5823
8203
11634
11268
8752
11635
11865
8753
11636
14287
4812
4811
11637
4816
4815
4814
15536
11630
4819
4818
3151
11631
9410
9411
9412
9413
9414
9415
9416
9417
9418
10636
10635
10634
10633
10632
10631
11619
14138
9616
18458
11948
11949
11946
11947
11944
11945
11942
14135
14136
11941
9615
9344
17726
9345
3158
15534
9610
15491
9347
10167
11072
9349
10165
8237
5295
10161
7028
9619
10093
10092
10091
10090
10097
10096
10095
10094
10099
10098
13704
11071
12949
12948
12943
12942
12941
9465
8234
12945
12944
13937
7078
7079
7074
7075
7076
7077
7070
7071
7072
7073
14394
14395
14396
18634
14390
18632
14392
8683
6477
8163
6977
6974
8160
8167
12494
15441
8164
12498
8169
8168
15919
15918
6978
6979
12995
9467
6099
6098
9659
6475
8170
8389
8387
8386
8385
8384
8383
8382
8381
8380
6091
12061
12062
8171
4389
12063
3325
4383
4382
4381
4380
4387
4386
12065
8172
3797
8684
13720
13721
13722
4032
13724
13725
4037
4036
13728
4038
8173
11379
11378
11375
11374
11377
11376
11371
11370
11373
11372
5079
11155
14434
14437
14431
14430
14433
8566
2458
2455
2454
2456
2450
2453
11158
7852
7853
7850
7851
7856
7857
7854
7855
7858
7859
9468
16808
16809
16802
16803
16801
16806
6369
6368
12132
6362
6361
6360
6367
12137
6365
6364
9335
10401
10150
9336
10156
10405
9333
9332
10408
10409
10158
10159
9339
9290
9629
9291
13916
9623
9622
9621
9620
9627
9626
9625
7332
7331
14899
14898
14897
18841
7330
14893
14891
14890
4704
7355
14097
14096
14095
14094
14093
14092
14091
14090
3222
14099
14098
3232
3233
5490
3231
5199
5198
3235
5194
5197
5196
5191
5190
5193
5192
13265
13264
13267
13266
13260
13263
13262
4532
13268
11961
2873
2872
2871
2870
2877
2875
2879
2878
14273
3354
3357
3356
14277
3350
3353
14274
14279
14278
3359
3358
5449
5448
5443
5442
5441
5440
5447
5446
5445
5444
11118
7358
13805
5508
5509
5506
5504
5505
5502
5503
5500
5501
12927
12799
12578
12792
15259
2841
4041
4011
6569
6568
3321
15054
6564
15056
6566
6561
6560
6563
6562
7687
7686
7685
7684
7683
7682
7681
7680
15250
7689
5473
3827
5003
3825
3824
3823
3326
3821
3820
13739
5471
10330
3829
15257
8444
8446
8447
8440
8441
8442
8443
9151
15255
8448
8449
9150
14267
9153
14219
9152
12746
7539
7538
7535
7534
7537
7536
7531
7530
7533
7532
10339
16127
16121
16120
16122
6178
12728
6176
6177
12725
12724
6172
6173
6170
12720
16406
10989
10988
10985
10984
10987
10986
10981
10980
10983
10982
16405
5132
7900
9482
4915
9481
7903
2205
9487
15471
9486
11586
11587
11584
11585
11582
11583
11580
11581
7907
11588
11589
12240
6270
4428
16502
12243
17298
17528
17526
6275
4750
6274
4839
4838
6277
4529
13459
4527
4526
4833
13455
13452
4834
4837
13451
7993
7992
7991
7990
7997
11639
7995
9439
9436
9437
7999
7998
9432
9433
9430
11633
15933
12619
5298
5299
5296
5297
5294
12618
5292
5293
5290
5291
13184
6626
13186
13187
13180
13181
13182
13183
4752
17740
13188
13189
6625
9230
6622
6623
6994
12611
8140
12610
8143
20385
8142
6990
20388
8632
8631
6993
9292
9293
7335
7334
7333
9297
9294
9295
9298
9299
7339
7338
11964
11965
11966
11960
18434
11962
11963
11968
11969
12921
12920
12923
12922
12925
15607
12926
12929
12928
10215
10214
10217
10216
10211
10210
10213
10212
5333
10219
10218
7058
7059
7052
7053
7050
7051
7056
7057
7054
7055
18381
8149
8148
6998
6999
8639
8638
8637
8636
6996
8634
8145
6991
6992
8630
9021
2999
2990
2993
2994
2995
15345
9999
9998
9991
9990
9993
9992
9995
9994
9997
9996
11036
11037
11034
11035
14512
14513
11031
16141
11038
14519
13674
6413
11359
11358
11353
11352
11351
3455
11357
11356
11355
11354
7232
15870
5486
4714
11750
2332
15234
13626
2334
13620
4712
13622
6699
6698
6693
6692
6691
6690
6697
6696
6695
6694
2439
4718
2431
7838
7839
16354
16353
7830
7831
7832
7833
7834
7835
7836
7837
6341
6340
6343
6342
15518
6344
12116
6346
6349
6348
17196
17195
17194
17193
17191
10178
9352
9351
9350
9605
9604
9607
9354
9609
10171
10172
9358
10174
10175
10176
10177
14515
9255
11032
11033
3782
3783
3780
8999
3786
15235
3784
3785
8992
8993
3788
8991
8996
8997
8994
8995
4996
4997
4994
4995
4992
4993
4990
4991
4998
4999
15022
18815
15024
3716
14079
14078
9130
11039
14071
14070
14073
14072
3258
3251
3252
3253
3254
3255
3256
3257
9250
13241
13240
13247
13245
13244
13249
13248
2859
15008
2850
2853
2852
9645
2857
3333
3332
5463
5228
5465
3336
5467
3334
5469
14210
3339
14212
14215
14214
14217
14216
9644
12531
18179
3478
5224
3817
14817
9646
11860
8936
11862
14813
8931
11867
8933
8286
8287
8284
8285
8282
8283
8280
8281
5718
15812
8288
8289
15902
6509
6508
4679
15032
6502
15030
6500
6507
15037
6505
6504
4901
4900
4903
4902
3809
3808
3805
3804
3807
3806
3800
3803
3802
8462
8463
8460
8461
8466
8467
8464
8465
8468
8469
6571
7559
7558
7553
7552
7551
7550
7557
7556
14120
7554
16103
16101
16100
16107
16106
15083
11176
22289
22536
4174
4175
4176
13886
4170
4171
4172
13882
4178
3061
3060
15903
7395
11350
7394
9272
14493
7396
18333
9274
14363
9275
14272
14362
7393
14497
12697
7392
2223
8112
5924
5925
5926
5927
5921
5922
9279
5928
5929
17504
10054
7399
10720
13474
4504
4507
4506
13470
10051
13472
13473
9135
10050
4509
4508
2083
11658
11659
11652
11653
11650
11651
11656
11657
11654
11655
17760
17762
15417
12747
15700
4735
6579
8116
6841
9133
16136
15411
15287
6435
9132
12738
7319
7318
6168
7315
7314
7317
7316
7311
7310
7313
7312
12305
11903
12307
12306
11906
11907
12303
11905
11908
11909
12309
12308
15617
15629
12908
12907
12906
12905
12904
12903
15622
12901
12900
10233
6161
7032
7033
7034
7035
10235
7037
7038
7039
10239
10238
9018
9019
18670
12733
6432
12734
8019
7373
12735
13710
12736
12737
8308
15959
15958
15489
15488
15953
15952
15487
15954
15484
7788
7789
7786
7787
7784
7785
7782
7783
7780
7781
14686
6430
14682
14683
14681
14688
14689
11603
9134
4349
4348
4347
4345
4344
4343
4342
4340
11018
11019
14534
11015
11016
11017
14530
11011
11012
11013
8615
8614
8617
8616
8611
8610
8613
8612
8619
8618
5219
13717
11331
11330
11333
11332
11335
11334
11337
11336
11339
11338
9581
19103
19107
5719
15831
5717
5716
5715
5714
5713
5712
5711
5710
9009
9138
3305
9008
11489
11488
11487
11486
11485
11484
11483
11482
11481
11480
15624
6439
7247
9038
16591
16594
16595
16598
3300
12680
12681
12682
12683
12684
12685
12686
12688
12689
10826
10827
10824
10825
10823
10820
10821
12470
3577
10828
10829
7816
7817
7814
7815
7812
7813
7810
7811
7818
5095
16379
16374
12477
16376
7248
9276
16373
4497
13387
13384
2665
12476
4493
9277
13383
9379
9378
13380
9371
9370
9373
9372
9375
9374
9377
9376
12475
2146
12474
4978
4499
2417
4974
4228
4976
13389
4970
4971
4972
4973
15731
12485
15885
3276
13935
1922
14058
3272
3273
3270
15883
14050
14057
14056
14055
15882
4227
15737
13931
15880
4221
15738
13221
13220
13223
13222
13225
13224
9334
13226
14237
14947
14233
14940
14231
14942
12479
14239
14238
3319
3318
15369
5489
5488
5487
3310
5485
3312
5483
3314
5481
5480
12402
12403
11898
12400
5323
12401
5320
15366
5321
18190
12407
14606
15364
14607
6474
14604
14605
14602
14603
5328
9330
14601
11529
6521
6520
6523
6522
8268
8269
6527
15541
6529
8265
8266
8267
8260
8261
8262
8263
16821
7750
8276
16825
3869
3863
3862
3861
3860
3867
3866
3865
3864
8408
8409
8400
8401
8402
8403
8404
8405
8406
8407
7571
7570
7573
7572
9818
7574
7577
7576
9814
7578
9816
9817
9810
9811
9812
9813
8814
3934
15437
8813
19467
13039
12110
12111
4518
13468
14939
6345
3932
18275
12115
12434
4153
4150
4151
4156
6347
4154
4155
4159
11276
12118
13688
13462
13461
15991
15384
4511
8334
9741
13467
8335
18055
15432
13465
11090
4515
6714
11649
6715
18723
9428
11278
13686
5902
8747
16162
5906
5907
5904
8746
16168
5908
5909
8745
3489
3488
8744
3480
6163
3482
3485
3484
3487
3486
13412
9421
13410
4560
4567
4566
13414
11640
13418
4568
11643
11670
11671
11672
11673
11674
11675
11676
11677
11678
11645
9424
7653
9427
15380
11646
9601
10179
17786
17782
9603
9602
15381
9356
9355
16782
9606
16789
12095
10170
6066
6067
12091
12090
6062
12092
12099
9359
2604
2606
10173
2601
2602
2608
10783
10782
10781
10780
10787
10786
10785
10784
10035
10034
10037
10036
10031
10030
10033
10032
7379
7378
15450
7372
7371
7370
7377
7376
7375
7374
12323
11929
12321
12320
12327
12326
12324
11920
11921
11922
11923
11924
11925
11926
11927
10259
9033
9030
9031
9036
9037
9034
9035
10251
7017
7014
9039
10255
10254
7010
7011
15728
8998
13938
3781
2958
2954
2956
16586
15439
2951
2952
2953
5344
5345
5346
5347
5340
5341
9400
5343
5348
5349
3323
8990
4365
4364
4367
4366
4361
4360
4363
4362
4369
4368
18036
5457
18033
6085
11078
11079
3104
11073
14550
3107
11076
11077
11074
11075
8673
8672
8671
8670
15973
8676
8675
8674
8679
8678
15979
13782
4092
13780
13781
4097
4096
4095
4094
13788
13757
5735
5734
5737
5736
5731
5730
11319
5732
11317
11316
11315
11314
5739
11312
11311
11310
13753
9868
19123
19126
13759
4049
23361
8097
8096
8095
15206
8093
12520
12523
8090
12529
15208
8099
8098
11146
14427
14424
14425
11142
16573
16570
11143
14420
6659
6658
6657
6656
6655
6654
6653
6652
12660
6650
10808
10809
10804
10805
6701
10807
10800
10801
10802
10803
6385
14075
6387
6386
6381
6380
6383
6382
6700
16310
16311
6389
16315
14076
2381
3001
9353
12456
9289
9288
1849
3000
4541
4958
4959
3102
1943
4952
4953
4950
4951
4956
4957
4954
4955
14031
14030
14033
9286
14035
14034
14037
14036
14039
14038
15621
3298
3299
5139
5138
3294
5136
3296
3297
5133
3291
5131
3293
13207
13206
13204
13203
13202
13201
4543
18420
15555
11914
14963
14962
14789
14787
14786
14785
14784
14783
14782
14781
14780
20556
8290
20008
12815
4173
12814
15265
8564
15263
12542
15612
8561
12933
12812
6891
6890
6893
6892
6895
15785
6897
6896
6899
15789
13995
30196
13813
17301
8569
15551
8568
15618
4546
2855
8798
8799
8248
8249
15569
8242
8243
8240
8793
8246
8247
8244
8245
7045
5460
7047
10908
7046
7041
10203
8426
8427
8424
8425
8422
8423
8420
8421
7042
8428
8429
8296
14211
5468
9124
14213
10658
9838
3338
9126
7599
7598
9832
9833
7595
7594
9836
9837
9834
7590
9128
10654
10305
10304
10651
10650
10653
10652
4138
4139
13325
4130
4131
4132
4133
4134
13326
4136
4137
5692
5693
3843
3842
5696
5697
5694
5695
3848
5698
5699
13895
4465
13321
9746
5461
4439
13329
5968
5969
5960
5961
5962
5963
5964
5965
5966
5967
17541
5433
17230
17231
4549
13439
13430
4540
13432
13433
13434
13435
13436
13437
6639
11698
11699
11696
11697
11694
11695
11692
11693
11690
11691
2596
2592
2593
2598
6281
6631
12601
12602
12603
5436
12604
6634
6042
6043
6040
6041
6046
6047
6044
6045
6048
6049
6985
6984
6983
8607
9582
9583
10019
10018
9586
7354
7357
9585
7359
9235
9588
15923
10017
9231
10015
10014
12349
12348
7337
12341
12340
12343
12342
12345
12344
12347
12346
10277
10276
10275
10274
10273
10272
10271
10270
10279
10278
9058
9059
7336
9050
9051
9052
9053
9054
9055
9056
9057
14588
9016
2989
15420
2978
2988
2972
2973
2971
2976
2974
2975
5362
5363
5360
5361
5366
5367
5364
5365
5368
5369
5093
12606
4303
4302
4301
4307
4306
4305
4304
4309
4308
14698
11050
14571
11052
11053
11054
11055
12607
14577
11058
11059
3128
3129
17845
3123
3120
3121
17841
3127
3124
3125
8659
8658
15998
15995
8650
15997
8652
8655
8654
8657
15992
14161
5753
5752
5751
5750
5757
5756
5755
5754
5759
5758
3448
15197
15196
15190
15193
15192
15199
4609
12445
3446
14376
12503
12502
12501
12500
15227
12506
12505
12504
15229
12508
7434
7435
7436
7437
7430
7431
7432
7433
7438
7439
13636
16557
16550
13637
16559
12644
6674
6677
6676
6671
6670
12642
6672
2327
6679
6678
13633
13630
12438
13631
10868
10869
4562
10862
10863
10860
10861
10866
10867
10864
10865
16883
16886
16887
16337
16339
12722
9310
4801
13748
2364
2361
14523
21225
14522
15038
17685
11000
3728
3729
3724
14527
3726
3720
3721
3722
14526
4930
4931
4932
13594
13593
4683
4936
4937
4938
4939
14524
4688
4689
11735
6503
11737
5215
11731
11730
11733
11732
2101
11739
6501
5213
5115
5114
5117
5116
5111
5210
14019
5112
14017
14016
14015
5211
5119
5118
6951
14010
5464
17067
17064
14155
4564
10488
10489
5218
10480
10481
10482
10483
10484
10485
10486
10487
14908
14900
14903
14905
14904
14907
17648
1781
16261
6879
6878
15766
6876
6875
6874
6873
6872
6871
6870
11872
11873
8925
15669
18225
18226
11871
18223
8923
16269
18204
14805
8220
8221
15328
8223
8224
8225
8226
8227
8228
8229
8920
15668
13559
15508
15509
15502
15503
15500
15501
15507
5259
7609
7608
7607
7606
7605
7604
7603
7602
7601
7600
4642
13552
2493
13550
15742
4646
15288
14486
2494
9850
9851
9852
9853
9854
9855
9856
9857
9858
9859
4645
4116
4117
4115
4112
4113
4110
11773
4118
15285
11775
11774
11777
7891
4448
10048
15284
9262
17936
3056
14373
14370
15661
5946
5947
5944
5945
5942
5943
11508
11509
11506
11507
11504
11505
11502
11503
11500
11501
10736
14374
10041
3051
10734
10043
10732
10733
14445
10046
10731
7555
3344
10758
9170
14447
9239
9154
12626
5415
14448
6028
6029
17217
17211
6020
6021
6022
6023
6024
6025
6026
6027
10071
10070
10073
10072
10075
10074
10077
10076
10079
10078
14449
2643
2646
9218
9219
9212
9213
9210
9211
9216
9217
9214
9215
12367
12366
12365
12364
12624
12362
12361
12369
12368
13422
13341
9076
9077
9074
9075
9072
10298
9070
9071
10295
10294
10297
10296
10291
10290
9078
10292
3557
3556
3555
3554
3553
3552
3551
3550
9236
6129
13885
2913
2914
2915
13884
2918
2919
13887
4177
15282
13666
13880
5308
5309
9265
13883
5300
5301
5302
5303
5304
5305
5306
5307
13016
13017
13014
13015
13012
13010
13011
4620
13018
13019
4329
4328
4321
4320
4323
4322
4325
4324
4327
3140
3141
3142
3143
3145
14598
3147
14597
14594
14595
12288
14593
14590
14591
17866
9233
9156
16009
10672
5778
5771
5770
5773
5772
5775
5774
5777
5776
2496
23899
10670
4756
15249
12568
3967
12561
12560
15243
12562
12565
12564
15247
12566
7412
7413
7410
7411
7416
7417
7414
7415
7418
7419
18461
16530
16531
7353
16534
16535
10676
12622
12623
12620
6610
6617
6616
6615
6614
12628
6618
10840
10841
10842
10843
10844
10845
10846
10847
10848
10849
3106
3502
5080
10674
9011
5086
12198
12199
3506
12190
12191
12192
3507
12194
12195
12196
12197
2345
2346
15341
21799
10739
3708
3709
17668
1889
3702
3703
1883
3707
3704
3705
6446
4668
4669
4919
13575
4917
4914
4667
4912
12435
4662
4911
11713
11712
11711
11710
11717
11716
11715
11714
6910
11719
11718
7000
6911
5173
15890
5171
5170
5177
6440
5175
5174
5179
6913
4236
17001
17002
20771
17004
6836
13925
16210
15724
4233
13923
9689
9688
6448
2920
9681
9680
9683
9682
9685
9684
9687
9686
4500
5923
15346
7254
17116
7256
7257
7250
7251
7252
7253
7258
7259
5599
6855
6854
6857
6856
6851
6850
6853
6852
10551
6859
6858
7007
14632
10024
9191
15349
8804
8805
8806
14292
8800
8801
18244
14296
14299
14298
8808
8809
14928
6583
6582
6581
6580
6587
8759
6585
8209
8754
8207
8756
8205
8750
8751
8200
8201
7625
7624
7627
7626
7621
7620
7623
7622
7629
7628
9193
4505
13475
7829
13477
13471
12028
4502
9878
9879
9876
9877
9874
9875
9872
9873
9870
9871
14435
11154
11157
11156
11151
11150
11153
11152
13478
11159
14438
13479
19476
3089
3088
3084
3087
3086
3081
3080
3083
3082
3943
3369
13808
11850
9197
13804
13800
13803
13802
3885
3884
3887
3886
3881
3880
3883
3889
3888
11851
11524
11525
11526
11527
11520
11521
11522
11523
11528
6703
8326
15260
6705
8320
6707
8322
15092
8771
6995
2649
15094
11854
15096
8775
10638
6997
13570
16274
16272
16278
6006
6007
6004
6005
6002
6003
6000
6001
6008
6009
17271
17275
17278
9270
9271
7397
9273
10729
7390
10059
10058
9278
10056
10055
10726
10053
7398
10723
10722
12389
12388
12647
12385
12384
12387
12386
12381
12380
12383
12382
15643
9098
9099
9094
9095
9096
9097
9091
9092
9093
5098
5099
12641
3579
3578
3575
3574
5092
3576
5094
3570
5096
3572
13386
4496
4495
4494
2662
4492
4491
13381
2668
4498
2938
2936
2934
2935
2932
2933
2931
5324
5325
5322
11899
14608
14609
11894
11895
11896
11897
11890
11891
11892
11893
11837
10630
13038
6289
13320
13034
13035
13036
13037
13030
13031
13033
11094
11095
11096
11097
18721
11091
11092
11093
11098
11099
17804
3168
3169
33872
3164
3165
3162
3163
3160
3161
11874
4980
20235
2157
11263
2150
2400
13747
13745
4053
15209
13741
2162
13965
11830
8139
10655
8567
12546
12545
12816
8563
8562
12541
8560
15004
13749
12819
12818
12549
12548
7478
7479
15003
7470
7471
7472
7473
7474
7475
7476
7477
16519
11172
16046
16513
19723
12608
12609
11170
15002
12600
6630
6633
6632
6635
12605
6637
6636
14415
14414
15352
17118
4420
14419
9600
11178
1953
8192
15000
4707
4706
13634
13635
4703
2326
4701
4700
8193
4709
4708
4426
2292
3761
3762
3763
3764
3765
3766
3769
8190
4427
17645
2498
4648
4649
13553
4643
4640
4641
13557
4647
2497
13554
11779
11778
7898
7899
11771
7897
7894
7895
7892
7893
7890
11776
5159
5158
5150
5153
5152
5155
5154
5157
5156
20754
11902
12304
11900
11901
12301
12300
8194
11904
12302
12896
11938
7272
7273
7270
7271
7276
7277
7274
7275
7278
7279
12804
8551
7029
12554
8557
6833
6832
6831
6830
6837
8554
15896
6834
15899
6839
6838
10556
10557
10554
10555
10552
10553
10550
8005
8006
10558
10559
8007
12909
13546
13826
8822
8823
8820
8821
8826
12808
8824
8825
18916
8828
8829
18910
10913
15098
15099
8778
8779
13547
8772
8773
8770
10911
8776
8777
8774
12902
7643
7642
7641
7640
7647
7646
7645
7644
7649
7648
9014
9015
10231
10230
10918
10237
10236
13447
7926
9012
7927
5668
9013
7924
5631
3306
7293
6976
5632
9137
14200
7923
11173
8094
11171
14201
11177
7296
11175
11174
3302
11179
14418
12319
3303
10310
14204
10647
14205
9139
10313
11939
10642
10643
13828
10640
13823
13820
8092
13825
13824
13351
5638
5639
4441
5634
5635
5636
5637
5630
4442
6975
5633
8480
8481
8482
8483
8484
8485
8486
8487
8488
8489
4445
