1869
13357
3480
13356
11542
11546
11545
11549
5988
5989
5982
5983
5980
5981
5986
5987
5984
5985
6796
6797
6794
6795
6792
6793
6790
6791
6798
6799
2147
16258
12019
12018
2146
12017
12011
12012
10708
9528
9529
9258
9259
9524
10702
9526
9527
9252
9521
9522
10704
21611
2142
3519
3518
1936
3513
3512
3511
3510
3517
3516
3515
3514
2688
2689
2684
2685
2686
2687
2680
2681
2682
2683
14627
14620
1613
13058
13052
13053
13057
11664
12109
1175
1171
1178
10580
7188
7189
7180
7181
7182
7183
7184
7185
7186
7187
12831
12830
8549
8548
8019
8018
8017
8016
8015
8014
8541
8540
8011
8542
7456
7457
7454
7455
7452
7453
7450
2740
2035
7458
7459
2034
2745
2744
4594
4595
2749
10886
10881
10882
10883
10888
4846
8291
4599
4734
8290
4735
6534
8292
2039
8295
2038
12876
2314
8294
2315
8297
1987
6531
2313
2309
2308
4729
4728
4725
4724
2303
2302
4721
4720
2307
2306
5847
5846
5845
5844
5843
5842
5841
5840
5849
5848
3748
3749
3746
3747
3744
3745
3742
3743
3740
3741
4620
4621
4622
4623
4624
4625
4626
4627
4628
4629
14539
11999
11751
11750
11758
13463
12871
14532
13286
13284
13280
7041
10469
10391
10392
10393
10394
10395
10397
10398
10399
7218
7219
13545
7210
7211
7212
7213
7214
7215
7216
7217
6217
6216
6215
6214
6213
6212
6211
6210
7042
6219
6218
6819
6818
13542
6811
6810
6813
6812
6815
6814
6817
6816
9757
9756
9755
9754
10578
9752
9751
9750
10574
10576
10577
10570
10572
10573
8848
8849
8840
8841
8842
8843
8844
8845
8846
8847
11848
7669
7668
12667
7661
7660
7663
7662
7665
7664
7667
7666
14520
1768
1761
1766
1767
1764
1765
1546
11118
1542
11113
28354
11115
11114
11117
8710
8711
8712
8713
8714
8715
8716
8717
8718
8719
13841
13845
19190
11762
5618
5619
5612
5613
5610
5611
5616
5617
5614
5615
12661
11561
11566
11567
10252
9256
9257
10701
9255
9520
9253
9250
9251
13524
6778
6779
6774
6775
6776
6777
6770
6771
6772
6773
9964
9965
9966
9967
9960
9961
9962
9963
7974
9969
12038
12031
12035
9508
9509
9502
9503
9500
9501
9506
9507
9504
9505
3689
3688
3583
3683
3682
3681
3680
3687
3686
3685
3684
2518
2519
2515
2516
2517
2510
2511
2512
2513
3531
3530
3533
3532
3535
5059
3537
3536
5054
5055
5056
5057
5050
5051
5052
5053
10761
10760
10762
10765
10764
10767
10766
10769
14867
14864
10439
13892
13074
10438
13079
4168
10185
10184
10187
10181
10042
10182
10189
10188
15305
15112
8035
8034
8037
8036
8031
8030
8033
8032
8039
8038
8529
12588
8523
8522
8521
8520
8527
12854
8525
8524
8536
10623
12104
13594
4299
4298
4295
4294
4297
4296
4291
4290
4293
4292
15303
10433
10432
4749
4748
12234
4743
4742
4741
4740
4747
4746
4745
4744
16003
6207
5869
5868
5865
5864
5867
5866
5861
5860
5863
5862
8537
2638
12232
2183
2182
2181
2180
2187
2186
2185
2184
4606
4607
4604
2188
4602
4603
4600
4601
6451
6906
13561
13593
6905
12238
6452
9292
6903
7999
6454
6457
6900
10436
6459
8135
8689
6187
6186
6185
6184
6183
6182
6181
6180
6908
6189
6188
2727
2726
2725
2724
2723
2722
2721
2720
10821
2729
2728
7944
7237
7234
7947
7232
7233
7230
7231
10376
9198
10374
6801
7948
7949
7238
7239
9744
9745
11500
6239
6238
6235
6234
6237
6236
6231
6230
6233
6232
9742
10519
9779
9778
2297
10512
10513
10510
9776
9771
10517
10514
9772
8866
8867
8864
8865
8862
8863
8860
8861
8868
8869
11767
3495
7934
5267
5266
5265
5264
5263
5262
5261
5260
1708
1709
13403
5269
5268
4573
7937
2091
13404
2093
2092
11137
11136
11135
14321
14450
11139
11138
3029
3028
3027
3026
3025
3024
3023
3022
3021
3020
7939
8738
8739
8736
8737
8734
8735
8732
8733
8730
8731
4198
4199
4196
4197
4194
4195
4192
4193
4190
4191
5670
5671
5672
5673
5674
5675
5676
5677
5678
5679
10235
2160
8192
6436
8190
6434
8196
6432
8194
6430
8198
8199
11642
6439
6438
11645
10309
6758
6759
6752
6753
6750
6751
6756
6757
6754
6755
10308
9943
9940
9941
9947
9944
9945
9948
9949
10692
12050
12052
12054
12057
12056
10695
4680
4681
21870
10697
12466
2538
2539
2532
2533
2530
2531
2536
2537
2534
2535
5078
5079
5072
5073
5070
5071
5076
5077
5074
5075
9560
9561
9562
9563
9564
9565
10749
9567
9568
9569
10744
10743
5380
5381
5382
5383
5384
5385
11838
5387
5388
5389
11834
14847
11833
10794
1754
13098
10795
13580
33543
9384
9385
9386
9380
9381
9382
9383
9388
9389
10797
2143
4979
2141
2416
2419
15139
10790
4975
7148
7149
7144
7145
7146
7147
7140
7141
7142
7143
12266
2149
2148
8501
8500
8051
8502
8505
8056
8055
8506
8509
8508
8059
8058
12879
10792
2882
2883
2880
7499
2886
2887
2884
2885
7492
7493
2888
2889
7496
7497
7494
7495
10793
1920
1922
1923
11165
3272
3310
1925
1926
1927
4761
4760
4763
4762
4765
4764
4767
4766
4769
4768
11249
11248
11245
11246
1579
11243
11242
5809
5808
5803
5802
5801
5800
5807
5806
5805
5804
11793
11792
11790
11796
11794
6935
10354
4889
10356
10357
2709
2708
10352
10353
4880
4881
2707
4883
4884
2700
4886
2702
7962
7963
7960
7961
7966
7967
9179
9178
9177
9176
9175
10681
9173
10687
9171
9170
6259
6258
6253
6252
6251
6250
6257
6256
6255
6254
10530
10531
10532
6117
10534
10535
10536
10537
10538
10539
12740
8545
9719
9718
8544
9713
9711
9710
9717
9716
9714
3474
3475
3476
3477
3470
3471
3472
3473
8884
8885
8886
8887
3478
3479
8882
8012
8543
8010
11623
2175
8687
7023
5249
5248
1729
5245
5244
5247
5246
5241
5240
5243
5242
9004
9003
13139
13138
7026
7931
5624
9001
7282
7024
7933
14303
5487
3007
3006
3001
3000
3003
3002
7935
3009
10226
9459
3312
7285
3315
7936
1586
1584
5482
10673
9009
9107
8633
5480
9456
9105
9102
12128
9452
5658
5659
5656
5657
5654
5655
5652
5653
5650
5651
11298
4450
13346
4459
6419
6418
6415
6414
6417
6416
6411
6410
6413
6412
7777
7776
7775
7774
7773
7772
7771
7770
12487
7779
7778
3917
3916
3915
3914
3913
3912
3911
3910
3919
3918
8314
8315
6732
6733
6734
8311
8312
8313
6738
6739
8318
8319
9928
9929
9920
9921
9922
9923
9925
9926
9927
19260
11579
11893
6088
6089
6086
6087
12075
6085
6082
6083
6080
12070
5999
17178
10889
3649
3648
3647
3646
3645
3644
3643
3642
3641
3640
2550
2551
2552
2553
2554
2555
2556
2557
2558
2559
10329
12837
11477
11475
11472
11473
11471
5010
5011
5012
5013
5014
5015
5016
5017
5018
5019
12836
7792
4419
4418
4417
4416
4415
4414
4413
13303
4411
4410
10644
9548
9549
9546
9547
9544
9545
9542
9543
9540
9541
3280
14827
11815
11816
11817
11811
11812
11819
12838
7168
7169
7162
7163
7160
7161
7166
7167
7164
7165
3701
8079
8078
8071
8070
8073
8072
8075
8074
8077
8076
12206
6334
12164
8637
1446
6337
1443
1440
4589
12322
23031
4588
2004
6333
12200
4585
4856
2008
13619
4854
8635
4853
12201
6339
2301
4583
3705
2300
6525
4850
4727
8269
4726
15016
2305
2304
8264
4723
4789
4788
4787
4786
4785
4722
4783
4782
4781
4780
5821
11289
5823
11268
5825
5824
5827
5826
5829
5828
11261
11260
11267
11266
11265
1801
8632
14549
9674
9675
9676
14541
9677
10109
11286
10456
9672
9673
14547
11983
10459
10101
10100
11985
12796
12795
10332
9154
10330
2768
10336
9150
10334
10335
2763
2762
2761
10339
2767
2766
2765
2764
7908
7909
9489
9488
9483
16959
7902
7903
7904
9486
9485
7907
6271
6270
6273
12243
6275
6274
6277
6276
6279
6278
8883
13535
9731
9730
9732
9735
9734
9737
13790
9738
3452
3453
3450
3451
3456
3457
3454
3455
1809
3458
3459
10582
14146
11852
5229
5228
5223
5222
5221
5220
5227
5226
5225
5224
13117
11856
13119
15813
12002
3063
3062
3061
3060
3067
3066
3065
3064
3069
3068
14364
14367
14494
14356
7466
4911
9818
9819
9814
19133
4587
11601
8216
6479
6478
6473
6472
6471
12401
6477
6476
6475
6474
9241
7759
7758
9240
7755
7754
7757
7756
7751
7750
7753
7752
9534
3939
3938
3935
3934
3937
3936
3931
3930
3933
9532
8332
8333
8330
8331
8336
8337
6718
8335
6716
6717
6714
8339
6712
6713
6710
6711
9906
9904
9905
9902
9903
9900
9901
4580
11602
9908
9909
1604
32250
4044
4045
4046
4047
4040
4041
4042
4043
4048
4049
1538
3665
3664
3667
3666
3661
3660
3663
3662
3669
3668
10122
2578
2579
2576
2577
2574
2575
2572
2573
2570
2571
11459
11455
11456
11450
11452
3593
3592
3591
3590
3597
3596
3595
5039
5036
5037
5034
5035
5032
5033
5030
5031
4435
4434
4437
4436
4431
4430
4433
4432
4439
4438
13480
10475
10474
10477
10471
10473
10472
10479
8927
8926
8925
8924
8923
8922
8921
8920
6486
11878
8929
8928
3386
3387
15176
15173
3384
4675
7100
7101
7102
7103
7104
7105
6487
7107
7108
7109
3383
3380
3527
3381
1680
1683
6484
1684
1688
4917
7280
1468
1466
1461
7975
4239
4238
4237
4236
4235
4234
4233
4232
4231
4230
5591
5590
5593
5592
5595
5594
5597
5596
5599
5598
13904
13696
7977
13699
10348
11200
11203
11204
1433
11209
11208
10714
13902
13277
12824
12222
12223
2699
10713
13909
12679
4366
7970
10718
2692
12675
12674
6936
4673
12677
8698
2298
6934
2293
2292
2291
2290
7288
2296
2295
2294
8695
8126
6938
6939
10343
8691
8122
10916
10917
10914
16162
10912
8121
10910
10911
8120
10918
10919
9133
7927
7924
9130
7922
7295
9135
7921
7298
7299
9139
10645
10314
10315
7928
7929
6299
6298
6297
6296
6295
6294
6293
6292
6291
6290
9753
10579
3438
3439
3430
3431
3432
3433
3434
3435
3436
3437
2741
4593
2743
2742
2033
4597
2747
2746
4844
4845
4598
4847
4840
4841
4842
4843
5201
5200
5203
5202
5205
5204
5207
5206
5209
5208
11993
11992
11995
11994
11997
13413
1911
5026
10344
13172
13177
13176
11191
11193
14344
11195
11197
11199
14349
3049
3048
3041
3040
3043
3042
3045
3044
3047
3046
1097
1912
1914
8682
6450
8680
8681
6455
8139
8684
8685
8134
6458
10024
8137
8130
8131
8132
8133
11222
7739
7738
7733
7732
7731
7730
7737
7736
7735
7734
3959
3958
3953
3952
3951
3950
3957
3956
3955
3954
8358
8359
8350
8351
8352
8353
8354
8355
8356
8357
3333
10020
4062
4063
4060
4061
4066
4067
4064
4065
4068
13778
5784
5785
5786
5787
5780
5781
5782
5783
5788
5789
3603
3602
3601
3600
3607
3606
3605
3604
3609
3608
12161
4865
11438
11439
11432
11433
11430
11431
11437
11434
11435
4453
4452
4451
13341
4457
4456
4455
4454
13348
4458
1859
9645
10368
12165
6335
6336
12166
6330
6331
6332
12162
6338
12168
10453
10452
10451
10450
10457
9671
10455
10454
10105
10104
10107
10106
9678
9679
10103
12095
12097
2171
8909
8908
7957
8905
8904
8907
8906
8901
11855
8903
8902
4969
12092
7956
7128
7129
7126
7127
7124
7125
7122
7123
7120
7121
2179
12099
12098
7955
13765
1666
1661
1660
4076
2828
2829
2824
2825
2826
2827
2820
2821
2822
2823
5414
5415
5416
3385
3382
5411
5412
5413
14756
5418
5419
3388
3389
8265
5794
3962
1407
5792
4215
4214
4217
4216
4211
4210
4213
4212
5790
4219
4218
12660
1933
5579
5578
5577
5576
5575
5574
5573
5572
5571
5570
1930
3968
10787
5798
3264
5003
3269
1548
11228
11226
11224
11223
1939
11221
1938
1495
5001
13381
5007
9533
10369
16628
5006
6109
12759
6107
6106
6105
6104
6103
6102
6101
6100
10938
10934
10936
10930
10931
10932
10933
9119
9118
9531
9449
9448
9447
9110
9445
9444
9115
9114
9117
9116
12285
12280
12281
12282
12283
12289
5004
6108
12756
1932
12754
10317
3416
3417
3414
3415
3412
3413
3410
8023
1931
1597
12826
3418
3419
8021
8026
14283
8535
10664
13488
4868
4869
10660
2018
10662
10663
4862
4863
4860
4861
2011
2010
4864
2012
14103
9454
1937
9032
13151
10258
10592
10593
10590
10591
10596
10597
10594
10595
10599
7018
9035
10251
10250
7014
9039
10255
10254
9111
1592
7010
9113
9112
9443
9442
12991
12992
9441
12999
1345
9804
8118
8119
6929
6928
8112
6924
6927
8111
6921
6920
15412
8115
7711
7710
7713
7712
7715
7714
7717
7716
7719
7718
6444
13372
13371
13370
8376
8377
8374
8375
8372
8373
8370
8371
8378
8379
9736
9800
4008
4009
4000
4001
4002
4003
4004
4005
4006
4007
3971
3970
3973
3972
3975
3974
3977
3976
3979
3978
3629
3628
8140
13992
3621
3620
3623
3622
3625
3624
3627
3626
11410
11412
11416
11417
11418
16294
8142
4479
4478
4471
4470
4473
4472
4475
4474
4477
4476
9458
2464
2465
2466
2467
2460
2461
2462
2463
2468
2469
6445
6312
6313
6310
6311
6316
6317
6314
6315
8530
6318
6319
3411
9652
9653
10129
10128
9656
9309
9654
9655
10123
10430
9306
10120
10435
10126
10437
9303
8969
8968
8532
8963
8962
8961
8960
8967
8966
8964
6441
1645
1647
1646
1642
4228
8236
8094
4987
2808
2809
2802
2803
2800
2801
2806
2807
2804
2805
5432
6327
5430
5431
5436
3369
5434
5435
3364
3365
14730
3367
3360
3361
3362
3363
12175
2019
10661
4273
4272
4271
4270
4277
4276
4275
4274
4279
4278
5555
5554
5557
5556
5551
5550
5553
5552
5559
5558
4866
4867
8589
8588
8581
8580
8583
8582
8585
8584
8587
8586
9453
9079
5883
5882
5881
5880
5887
5886
5885
5884
5889
5888
6554
6555
6556
6557
6550
6551
6552
5873
6558
6559
11299
5878
11291
7504
7505
9885
7507
7500
7501
9881
9880
9663
7508
7509
9889
9888
3107
10118
10119
12774
6124
6127
6126
6121
6120
6123
6122
11075
6129
6128
10440
10113
10958
10110
9668
10956
10954
10955
15414
4633
4632
13150
2192
9614
2193
2259
2258
2257
4637
2255
2254
2253
2252
2251
2195
2196
12428
2197
4800
4801
4802
2786
4804
4805
4806
4807
4808
4809
2789
2788
9465
9464
10600
10601
9461
11600
9463
9462
2073
2072
2071
2070
11609
2076
2075
2074
13789
11958
11956
11953
11952
13929
9610
9793
9792
9791
9790
9797
9796
9795
9794
9799
9798
4015
9611
23581
14382
15527
11312
15656
12977
12974
12972
7081
7080
7083
7082
7085
7084
7087
7086
7089
7088
9807
9806
7586
8170
6494
6497
8173
8174
8175
8176
6492
8178
8179
6499
6498
9802
6949
6948
7582
6943
6942
6941
NULL
6947
6946
6945
6944
8205
8398
8399
8394
8395
8396
8397
8390
8391
8392
8393
4398
4399
4390
4391
4392
4393
4394
4395
4396
4397
3197
3196
3195
3194
3193
3192
3191
3190
3199
9417
4026
4027
4024
4025
4022
4023
4020
4021
9418
4028
4029
11380
11381
11382
11386
11388
1659
8827
3999
3998
3997
3996
3995
3994
3993
3992
3991
3990
7923
2027
2009
2442
2443
2440
2441
2446
2447
2444
2445
2448
2449
7867
7866
7865
7864
7863
7862
7861
7860
12521
7869
7868
12523
8829
3198
6378
6379
6370
6371
6372
6373
6374
12124
6376
6377
10417
10140
10415
10142
10413
10144
10411
10410
10149
10148
10419
10418
9638
9639
9328
9329
9322
9323
9632
9321
9634
9327
9636
9637
8941
8940
8943
8942
8945
8944
8947
8946
8949
8948
8555
5407
5406
5405
5404
3395
3394
1623
5183
1993
3204
3203
3202
3201
5185
1999
5188
5189
3209
3208
5481
14721
5058
3534
2860
2861
2862
2863
2864
2865
2866
2867
2868
2869
10172
3539
14713
3538
1439
8047
5458
5459
3348
3349
5450
5451
5452
5453
5454
5455
5456
3345
10363
9189
7942
4259
4258
4251
4250
4253
4252
4255
13945
4257
4256
5533
5532
5531
5530
5537
5536
5535
5534
5539
5538
5102
13973
4265
6572
6573
6570
6571
6576
6577
6574
6575
6578
6579
7694
7695
7696
7697
7690
7691
7692
7693
7698
7699
6227
3834
3835
3836
3837
3830
3831
3832
3833
3838
3839
3207
12668
5106
3206
7522
7523
7520
7521
7526
7527
7524
7525
7528
7529
16667
5107
16668
3205
6143
6142
6141
6140
6147
6146
12714
6144
6149
6148
8110
10971
10972
6926
10974
10975
10976
10978
10979
8117
8114
6922
6500
2275
2274
2277
2276
2271
2270
2273
2272
2404
2279
2278
11594
11591
11593
2051
2050
2053
10502
4538
2054
4828
2056
4826
4827
4824
4537
4530
4531
4532
4533
7980
7981
7982
11620
7984
9406
7986
7987
7988
10621
11629
11105
10624
10625
10626
10627
2095
11973
11970
11976
11974
13191
13194
9027
13428
4556
12803
7324
7325
7326
7327
10088
7321
7322
7323
10084
10085
10086
10087
7328
7329
10082
13420
3780
12956
12950
12951
12958
2090
11238
7069
7068
7067
7066
7065
7064
7063
7062
7061
7060
10400
6961
6960
6963
6962
8628
6964
6967
6966
8624
6968
8154
8155
8152
8153
8150
8151
11230
11682
11237
6465
9193
9988
9989
9986
9984
9985
9983
9980
9981
11027
11021
11020
11023
14502
10236
11029
11028
1382
1383
11368
11366
11367
11364
11362
11360
5274
1777
1776
1770
19281
5463
10183
5273
1779
1778
6688
6689
6680
6681
6682
6683
6684
6685
6686
6687
2428
2429
7228
2420
2421
2422
2423
2424
2425
2426
2427
7849
7848
7845
7844
7847
7846
7841
7840
7843
7842
6356
6357
6354
6355
6352
12102
6350
6351
6358
6359
3461
9616
9617
9342
9343
9344
9613
10169
9347
9348
9349
10165
10164
10163
10162
10161
9619
1815
1817
1810
1811
1813
14882
1819
10403
6072
13719
12080
12081
14080
4952
5005
4953
14088
2167
9630
9246
1608
4951
3229
3228
1979
1978
3225
3224
3227
1974
3221
3220
3223
4957
13276
1555
13274
13272
2163
13270
13271
12089
9631
13278
2848
2849
2846
2847
2844
2845
2842
2843
2840
2841
3320
5477
3322
5475
3324
3325
3326
5471
3328
3329
13716
5478
5479
14038
11108
5519
5518
5128
5511
5510
5513
5512
5515
5514
5517
5516
15501
3034
11103
10798
10028
11106
7341
15091
3031
3294
11104
3295
14465
5135
6518
5134
6510
6511
6512
6513
6514
6515
6516
6517
5131
5130
3812
3813
3810
3811
3816
3817
3814
3815
3818
3819
8457
8456
8455
8454
8453
8452
8451
8450
8459
8458
7548
7549
7540
7541
7542
7543
7544
7545
7546
7547
6169
6168
6161
6160
6163
6162
6165
6164
6167
6166
10998
10999
10996
10994
10995
10992
10993
10990
10991
9774
1970
10080
9777
2212
2211
2210
2217
2216
2215
2214
10081
2219
12589
8528
12760
12767
12766
12583
12853
4518
4519
4512
4513
4510
4511
4516
13466
4514
5608
9429
11648
9421
9420
9423
9422
9425
9424
9427
9426
5289
5288
5281
5280
5283
5282
5285
5284
5287
5286
9025
10243
6406
10240
7302
7303
7300
7002
9289
7307
7304
7305
9285
7005
9287
7309
9281
9280
9283
7004
9023
11917
6407
11918
9022
12932
15613
12931
12938
12939
9477
7045
7044
7047
7046
10202
7040
7043
10201
7049
7048
10208
8608
8609
6989
6988
6987
8603
6985
8601
6983
8607
6981
6980
9109
2989
2988
2983
2982
2981
2987
2986
2985
13365
1010
9494
4358
4359
4354
4355
4356
4357
4350
4351
4352
4353
11003
11001
11000
11007
11005
11004
6409
9104
10331
9496
11344
11346
11347
11341
11342
11343
14589
14304
5708
5709
5704
5705
5706
5707
5700
5701
5702
5703
12455
12456
12450
12453
14019
2241
9101
12459
13981
12696
12694
12693
12690
10835
10837
10836
10831
10830
10833
10839
10838
9264
7829
7828
7823
7822
7821
7820
7827
7826
7825
7824
12212
8900
1431
9368
9369
9366
9367
9364
9365
9362
9363
9360
9361
8985
13667
8987
8986
8981
8980
8983
8982
8989
1832
1830
1831
3799
3798
1834
1835
3795
3794
3797
3796
3791
3790
3793
3792
2406
4980
2156
4982
2150
4984
2152
2153
4989
4988
2159
2408
2409
12465
1955
1954
1956
1951
1950
14068
1952
1959
1958
14061
3249
3248
3243
3242
3241
3240
3247
3246
3245
3244
13255
13252
1482
1480
5498
5499
3308
3309
5494
3307
5496
5497
5490
5491
3300
5493
2069
10613
12146
12145
1995
12144
18181
13678
2792
13493
2062
2791
8242
1994
2064
2797
2066
9658
13673
13670
8243
1997
6536
6537
8293
6535
6532
6533
6530
8296
8299
8298
8240
6538
6539
8241
8794
8247
8796
16006
8245
3878
3879
3870
3871
3872
3873
3874
3875
3876
3877
8479
8478
8475
8474
8477
8476
8471
8470
8473
8472
7566
7567
7564
7565
7562
7563
7560
7561
9650
7568
7569
9657
3114
10431
9305
10121
4167
4166
4165
4164
4163
4162
4161
4160
10127
4169
9301
10125
10124
4069
4706
2239
2238
2231
2230
2233
2235
2234
2237
2236
5937
5936
5935
5934
5933
5932
5931
5930
5939
5938
17570
4608
3498
3499
3496
3497
3494
4609
3492
3493
3490
3491
4570
13400
2097
2096
4574
4575
4576
4577
4578
4579
2099
2189
4605
11661
11660
11669
9014
17799
9015
5740
11309
8124
5749
7368
7369
9759
7360
7361
7362
7363
7364
7365
7366
7367
12310
12311
11937
11936
9121
11932
11931
12319
9758
15630
9007
9006
7021
7020
7027
9002
7025
9000
10224
7029
7028
8008
10221
10222
9008
9832
9833
7595
9831
7593
9013
9837
7799
7798
9834
7791
7790
7793
9835
7795
7794
7797
7796
4378
4379
4372
4373
4370
4371
4376
4377
4374
4375
11069
11068
11061
11060
11067
11066
8661
8662
8663
8664
8665
8666
8667
8668
8669
4080
4081
4082
4083
4084
4085
4086
4087
4088
4089
11320
11326
11324
11325
11328
11329
5728
5729
5722
5723
5720
5721
5726
5727
5724
5725
11499
11490
11491
11492
11493
11494
11495
11497
8084
8085
8086
8087
8080
8081
8082
8083
8088
8089
16568
6648
6649
6644
6645
6646
6647
6640
6641
6642
6643
10812
10811
10810
10817
10816
10814
10819
7801
7800
7803
7802
7805
7804
7807
7806
7809
7808
12444
12533
6398
6399
6392
6393
6390
6391
6396
6397
6394
6395
2396
2397
2394
2395
2392
2393
2390
2391
2398
2399
12442
9190
5692
12443
3840
1850
1851
1853
1854
3843
1856
1857
2173
2170
3842
2176
2174
4968
4967
5696
4965
4964
4963
4962
4961
4960
14044
5694
5433
3846
14048
14738
3261
3260
3263
3262
3265
5129
3267
3266
5124
5125
5126
5127
5120
5121
5122
5123
9191
1427
7945
7946
9192
7940
13231
13236
5438
13234
9194
5439
9197
7943
14958
9199
10377
9670
10375
10372
10373
10370
10371
6886
6887
6884
6885
6882
6883
6880
6881
9208
6888
6889
13963
1205
15570
8279
8278
8277
8276
8275
8274
8273
8272
8271
8270
10776
12209
10775
2059
8419
8418
8413
8412
8411
8410
8417
8416
8415
8414
7588
7589
9809
9808
7584
7585
9805
7587
7580
7581
9801
7583
12873
12203
12464
12657
6482
6483
6480
6953
4149
4148
4145
4144
4147
4146
4141
4140
4143
4142
3856
3857
3854
3855
3852
3853
3850
3851
6485
3858
3859
9337
13967
16144
5919
5918
16174
5915
5914
5917
5916
5911
5910
5913
5912
17229
9775
4558
4559
13427
4557
4554
4555
4552
4553
4550
4551
10511
11689
11684
11683
9770
9773
10515
14986
12086
6076
6075
6074
6073
12083
6071
6070
6079
6078
2617
2616
2615
2614
2613
2612
2611
2610
2619
2618
7346
7347
7344
7345
7342
7343
7340
10029
10026
10027
10796
10025
10022
10791
7348
7349
13434
12337
12330
12331
12332
7009
7008
10249
9029
9028
7001
7000
7003
9026
9021
9020
10244
7006
2949
2948
2947
2946
2945
2944
2943
2942
2941
2940
5357
5356
5355
5354
5353
5352
5351
5350
5359
5358
4310
4311
4312
4313
4314
4315
4316
4317
4318
4319
11047
11046
11045
11044
11042
11041
11040
11048
1180
3119
3118
3117
3116
3115
6553
3113
3112
3111
3110
8649
8646
8647
8644
8645
8642
8643
8640
8641
12730
11308
5741
5742
5743
5744
5745
5746
5747
5748
11301
11302
11303
11305
11306
11307
27680
1700
12732
20635
12534
12532
1601
12531
1707
14180
14731
6668
6669
6662
6663
6660
6661
6666
6667
6664
6665
10879
10871
10875
10874
10877
10876
16894
2378
2379
2374
2375
2376
2377
2370
2371
2372
2373
1876
1877
1874
1875
1872
1871
1878
1879
4945
4944
4947
4946
4941
4940
4943
4942
4949
4948
2118
2119
2130
2110
2111
2112
2113
2114
2115
2116
2117
14026
14027
6045
11395
1919
1918
5108
4018
3289
3288
3287
3286
3285
5101
3283
3282
5104
5105
14457
13213
13215
13217
13218
10499
13703
10497
10496
10495
10494
10493
10492
10491
10490
884
889
11130
2621
13704
2627
12074
9887
9886
7506
9884
9883
1727
12073
9882
7502
7503
6868
6869
6864
6865
6866
6867
6860
6861
6862
6863
9582
9583
7353
9129
5109
7355
7354
8255
8254
8257
8256
8251
9584
8253
8252
1262
1554
8259
8258
7359
8789
8788
5103
8783
8782
8781
8780
8787
5100
8785
8784
3284
7618
7619
7614
1915
7616
7617
7610
7611
7612
7613
3281
10014
8431
8430
8433
8432
8435
8434
8437
8436
8439
8438
15585
9825
9824
9827
9826
9821
9823
9822
9829
9828
6125
12777
8040
8041
8042
8043
8512
8045
4129
4128
9141
8510
4123
4122
4121
4120
4127
4126
4125
4124
5689
5688
5685
5684
5687
5686
5681
5680
5683
5682
10498
1634
11519
11514
11517
11516
13430
11510
11513
11512
5979
5978
5973
5972
5971
5970
5977
5976
5975
5974
9145
25033
2587
2586
2585
2584
2583
2582
2581
2580
2589
2588
10951
6059
6058
6055
6054
6057
6056
6051
6050
6053
6052
10004
10005
10006
10007
10000
10001
10002
10003
2635
2634
2637
2636
10008
2630
2633
2632
9599
9598
9229
9228
9595
9594
9597
9224
9223
9222
9593
9592
9226
12358
12352
12350
12351
9225
12355
10260
10262
10263
10264
10265
10266
10267
10268
10269
9049
9048
2079
9043
9042
9041
9040
9047
9046
9044
3544
3545
3546
3547
3540
3541
3542
3543
3548
3549
5400
2965
2964
2967
2966
2961
2960
2963
2962
2969
2968
5379
5378
5375
5374
5377
5376
5371
5370
5373
5372
13004
13006
13001
13003
13002
13009
4338
4339
4336
4337
4334
4335
4332
4333
4330
4331
3135
5182
3137
3136
3131
3130
3133
3132
7320
3139
3138
7248
1622
5768
5769
5766
5767
5764
5765
5762
5763
5760
5761
9304
6437
8193
5186
6435
8191
9275
2256
6433
8197
12518
6431
5187
12515
8195
7427
7426
7425
7424
7423
7422
7421
7420
7429
7428
5184
6600
6601
6602
6603
12635
6605
6606
6607
6608
6609
10857
10853
10852
15771
13454
10859
10858
9300
12187
12186
12183
12181
4571
9302
2358
2352
2353
2350
2351
2356
2357
2354
2355
4572
1899
3739
3738
3737
3736
3735
1897
3733
3732
3731
3730
4923
2137
4693
4920
4695
4926
4697
4924
4699
4698
4929
4928
2139
11727
11724
11725
11723
11720
9413
11728
11729
5160
5161
5162
5163
5164
5165
5166
2784
5168
5169
14002
2787
4803
10700
2781
2780
13647
2783
2782
10707
9698
9699
9696
9697
9694
9695
9692
9693
9690
9691
10706
8250
10602
10603
9467
10705
2078
10606
9460
1799
10604
10021
1791
1790
1796
1795
1794
6848
6849
13452
6842
6843
6840
6841
6846
6847
6844
6845
10609
2077
9468
12152
6590
6591
6592
6593
6594
6595
6596
15530
6598
6599
8239
8238
13517
7638
7639
7632
7633
7630
7631
7636
7637
7634
7635
13515
9843
9842
9841
9840
9847
9846
9845
9844
9848
10629
13514
14467
3092
3093
3090
3091
3096
1532
3094
3095
1249
3098
3099
5346
1539
15444
4101
4100
4103
4102
4105
4104
4107
9644
4109
4108
10420
10421
9641
10427
3377
3898
3899
9643
3892
3893
3890
9310
3896
3897
3894
3895
9165
5951
5950
5953
5952
5955
5954
5957
5956
5959
5958
11531
11537
13417
11534
15992
8959
10620
9161
16167
9162
10622
6039
6038
6033
6032
6031
6030
6037
6036
6035
6034
10062
10063
10060
2658
9201
10067
9203
10065
2653
2652
10068
2650
2657
2656
2655
2654
7388
7389
7382
7383
7380
7381
7386
7387
7384
7385
12370
12373
12374
12378
12379
9061
9060
9063
9062
9065
9064
9067
9066
9069
10287
10285
10283
10280
10281
3562
3563
3560
3561
3566
3567
3564
3565
3568
3569
4484
4485
4486
4487
4480
4481
4482
13392
4488
4489
2903
2902
2901
2900
2907
2906
2905
2904
2909
2908
11883
11882
11881
11886
2486
14617
5319
5318
5313
5312
5311
5310
5317
5316
5315
5314
2487
1630
1631
1984
3153
3152
3151
11088
3157
3156
3155
3154
11083
3210
3159
3158
11087
11085
1635
10648
1636
10747
1981
2485
12248
1639
2483
2480
8574
8575
8576
8577
8570
8571
8572
8573
8578
8579
12579
15276
2481
12576
12574
12575
7409
7408
7404
7407
7406
7401
7400
7403
7402
2014
2814
12249
6628
6629
6626
6627
6624
6625
6622
6623
6620
6621
2017
12501
4714
4715
4716
4717
2334
4711
4712
4713
2339
4718
4719
3715
3714
3717
3716
3711
3710
3713
3712
3719
3718
4909
4908
4679
4678
4901
4900
4903
4674
2482
4672
4671
4906
11708
11709
11704
11707
11700
11703
5148
5149
5146
5147
5144
5145
5142
5143
5140
5141
10725
7221
10698
7223
1186
7222
3376
7225
5427
7952
5426
7227
3373
7226
3372
7229
3371
10690
5422
10341
7247
7246
7245
9167
7243
7242
7241
7240
10347
7249
10346
10345
9163
6820
6821
6822
6823
6824
6825
6826
6827
6828
15738
10545
10544
10546
10541
10540
10543
10542
10549
10548
6675
8817
8816
8815
8814
8813
8812
8811
8810
14938
14288
14289
18900
8819
8818
8219
8218
12642
8749
8748
8211
8210
8745
8744
8743
8742
8741
8740
7650
7651
7652
7653
7654
7655
7656
7657
7658
7659
6490
6248
6493
8177
9566
9869
9868
10746
9861
9863
4241
9864
9867
9866
11146
12272
11142
14423
11140
12275
11148
11149
12277
1514
1516
1511
6940
5386
11839
11836
1996
11551
3397
11553
11554
11557
11559
11558
10864
10607
13516
8873
5891
6011
6010
6013
6012
6015
6014
6017
6016
6019
6018
14995
17246
9263
9262
9261
9260
9267
9266
9265
10739
10040
10041
10734
9268
10732
10045
10730
10047
12399
12394
12392
12393
9089
9088
9087
9086
9085
9084
9083
9082
9081
9080
21599
3508
3509
5089
5088
5083
5082
5081
5080
3504
5086
3506
5084
2671
2670
2673
2672
2675
2674
2677
2676
2679
2678
2929
2928
2921
2920
2923
2922
2925
2924
2927
2926
5331
5330
5333
5332
5335
5334
5337
5336
5339
5338
14631
14634
13041
13045
13047
13046
2178
3179
3178
2037
3171
3170
3173
3172
3175
3174
3177
3176
11258
2036
2785
1361
5250
8552
8553
8550
8551
8556
8009
8554
12801
8004
8005
8558
8007
8000
8001
8002
5257
1861
1715
2032
7469
7468
7463
3728
7461
7460
7467
5258
7465
7464
5259
10061
2320
1868
10899
2030
10893
10892
10891
10890
10897
10896
10895
10894
4930
4931
4684
4685
4934
4683
4732
4733
4730
4731
4736
4737
2318
2319
2316
2317
4738
4739
2312
13735
2310
2311
5854
5855
5856
5857
5850
5851
5852
5853
5858
5859
3773
3772
3771
3770
3777
3776
3775
3774
3779
3778
4655
4654
4657
4656
4651
4650
4653
4652
4659
4658
7889
7888
7881
7880
7883
7882
7885
7884
7887
7886
14443
10387
10386
10385
10384
10383
10381
10380
2639
10389
10388
7269
7268
7265
7264
7267
7266
7261
7260
7263
7262
6204
6205
6206
12236
6200
6201
6202
6203
6208
6209
6808
6809
6806
6807
6804
6805
6802
6803
6800
10009
10563
10562
9746
9747
9740
9741
10565
10564
9748
9749
8839
8838
8835
8834
8837
8836
8831
8830
8833
8832
9227
7678
7679
7676
7677
7674
7675
7672
7673
7670
7671
9596
9590
11861
1759
1756
9220
1753
1752
10242
1286
1281
11169
12700
11164
14405
11166
14407
11160
11161
11163
8765
8764
8767
8766
8761
8760
8763
8762
1573
13331
1570
8769
8768
1575
8053
13836
13831
8052
8503
8050
8057
8504
8507
5629
5628
5627
5626
5625
8054
5623
5622
5621
5620
8493
8492
8491
8490
8497
8496
8495
8494
8499
8498
13872
5995
5994
5997
5996
5991
5990
5993
5992
10246
11576
11575
11574
11573
5998
6781
6780
6783
6782
6785
6784
6787
6786
6789
6788
7498
10667
2881
14533
12007
12004
13755
2154
7490
9248
7491
9539
9538
9537
9536
9243
9242
9245
9244
9247
9530
3698
3699
3690
3691
3692
3693
3694
3695
3696
3697
12750
1803
10089
2769
3526
2157
3524
3525
3522
3523
3520
3521
3528
3529
4670
3594
10715
10716
10717
10710
10711
10712
2698
2697
2696
2695
2694
2693
10719
2691
2690
14874
2151
13066
4535
10669
1146
7199
7198
7193
7192
7191
7190
7197
7196
7195
7194
15313
8538
8539
8028
8029
8022
8531
8020
8533
8534
8027
8024
8025
7441
7440
7443
7442
7445
7444
7447
7446
7449
7448
15314
2267
8187
8186
4282
4283
4280
4281
4286
4287
4284
4285
4288
4289
10508
10170
10426
10171
12117
4758
4759
1369
4750
4751
4752
4753
4754
4755
4756
4757
5872
16010
5870
5871
5876
5877
5874
5875
11292
11293
11290
5879
11296
11297
11294
11295
3759
3758
3751
3750
3753
3752
3755
3754
3757
3756
2190
2191
4631
4630
2194
4636
4635
4634
2199
4639
4638
11740
11741
11742
11744
11746
11749
2046
2047
2044
13298
2045
13291
13296
2043
13456
2040
4814
6194
6195
6196
6197
6190
6191
6192
6193
6198
6199
13655
2734
2735
2736
2737
2730
2731
2732
2733
2738
2739
9186
9187
9184
9185
9182
9183
9180
9181
10365
10364
10367
10366
10361
10360
9188
10362
7209
7208
11617
7203
7202
7201
7200
7207
7206
7205
7204
6222
6223
6220
6221
6226
12216
6224
6225
6228
6229
11613
9416
10672
11611
9762
9763
9760
9761
9766
9764
9765
10501
10500
9768
9769
10505
10504
10507
12122
3134
6375
8859
8858
12127
8853
8852
8851
8850
8857
8856
8855
8854
10416
10143
11240
10414
9284
10145
10412
1775
5275
5276
5277
5270
5271
5272
1772
10146
5278
5279
10228
10319
9286
1553
3038
3039
1559
3035
3036
3037
3030
11107
3032
3033
8703
8702
8701
8700
8707
8706
8705
8704
15599
15598
8709
8708
4691
13857
5605
5604
5607
5606
5601
5600
5603
5602
5609
9320
9633
9326
9635
9324
10682
9325
9282
4692
6424
6425
6426
6427
6420
6421
6422
6423
6428
6429
10227
4694
10310
6769
6768
6767
6766
6765
6764
6763
6762
6761
6760
9977
9976
9975
9974
10220
9972
9971
9970
9979
12026
12021
12023
32063
12028
12029
10223
5095
2509
2508
2507
2506
2505
2504
2503
2502
2501
2500
5049
5048
5047
5046
5045
5044
5043
5042
5041
5040
9515
9514
9517
9516
9511
9510
9512
9519
9518
11829
11824
11826
11823
11822
13087
0
10058
1991
1990
5180
5181
10057
1627
1626
10197
10194
10195
10192
10193
10190
10191
3200
10198
10199
1629
1120
13578
8516
8517
8514
8515
8044
8513
8046
8511
8048
8049
12599
8518
8519
12849
2522
10052
10151
10156
10157
4776
4777
4774
4775
4772
4773
4770
4771
4778
4779
5818
5819
10155
5810
5811
5812
5813
5814
5815
5816
5817
4888
10355
4619
4618
4611
4610
4613
4612
4615
4614
4617
4616
6925
2705
2704
4882
2706
35722
2701
4885
2703
4887
10567
10688
3342
10689
3343
3340
2713
2710
2711
2716
2717
2714
2715
3346
2718
7965
3347
10699
7220
10349
7954
7953
7224
7951
7950
10691
10342
10693
10340
9160
7968
7959
7958
9174
10686
9172
7926
6249
10684
6240
6241
6242
6243
6244
6245
6246
6247
10527
10526
10525
10524
10523
10522
10521
10520
10516
10529
10528
9708
9709
9701
9704
9705
9706
9707
8871
8870
6923
8872
8875
8874
8877
8876
8879
8878
13315
7615
6604
8163
6977
13311
6974
2631
8160
6972
8166
5252
5253
1711
5251
5256
8165
5254
5255
10206
1719
6971
14196
13940
12269
10207
4254
11120
11122
11123
11124
11125
11126
14331
11128
11129
12260
14338
3018
3019
10204
11508
11639
3012
3013
3010
3011
3016
3017
3014
3015
8729
8721
8720
8723
8722
8725
8724
8727
8726
4189
4188
10205
4181
4180
4183
4182
4185
4184
4187
4186
5663
5662
5661
5660
5667
5666
5665
5664
12139
5669
5668
10333
14833
10203
6402
6403
6400
6401
8189
8188
6404
6405
8185
8184
6408
12478
8181
8180
8183
8182
7764
7765
7766
7767
7760
7761
7762
7763
7768
7769
3904
3905
3906
3907
3900
3901
3902
3903
3908
3909
6745
6744
6747
6746
6741
6740
6743
6742
11637
6749
6748
9959
9958
9955
9954
9957
9956
9951
9950
9952
19250
12046
12044
8888
12048
12049
8889
12130
18970
12279
8880
8881
3658
3659
3654
3655
3656
3657
3650
3651
3652
3653
2525
2524
2527
2526
2521
2520
2523
12136
2529
2528
11465
12423
11467
11466
11461
11460
10338
11469
5065
5064
5067
5066
5061
5060
5063
5062
5069
5068
2748
10070
4408
4409
4404
4405
4406
4407
4400
4401
4402
4403
9573
9572
9571
9570
9577
9576
9575
9574
10750
10751
9579
9578
10754
10756
10757
5393
5392
5391
5390
5397
5396
5395
5394
11803
11802
5399
5398
11806
11804
7451
9396
9395
9394
9393
9392
9391
9390
9399
9398
15127
6915
7159
7158
7157
7156
7155
7154
7153
7152
7151
7150
8602
8546
12863
12864
8068
8069
8066
8067
8064
8065
8062
8063
8060
8061
7485
7484
7487
7486
7481
7480
7483
7482
15925
7489
7488
2899
2898
2895
2894
2897
2896
2891
2890
2893
2892
1726
1456
1451
8129
1458
1724
1725
1723
1894
1720
1895
6907
1721
6597
1896
3734
1890
1891
1892
1893
2136
4690
4921
2135
4798
4799
4794
4795
4796
4797
4790
4791
4792
4793
5836
5837
5834
5835
5832
5833
5830
5831
11256
11257
4696
11252
11253
5838
5839
6904
6495
8605
11786
11780
11783
11788
2668
6902
2669
6901
6496
3005
3004
12781
6491
12785
12784
12787
2778
10071
4899
4898
10325
10324
10327
10326
4893
2771
2772
2773
4897
2775
2776
4894
9498
9499
9148
9149
7979
13599
16413
16412
9490
9143
9140
9493
7971
9495
7973
9497
6266
6267
6264
6265
6262
6263
6260
6261
5167
6268
6269
2640
10078
9726
9727
9724
9725
9722
9723
9720
9721
10241
9728
9729
1589
3467
3466
3465
3464
3463
3462
8899
8898
8897
8896
8895
8894
8893
8892
8891
8890
2407
5238
5239
5230
5231
5232
5233
5234
5235
5236
5237
13125
13123
6909
13129
3070
3071
3072
3073
3074
1590
3076
3077
3078
3079
14316
20327
2402
12717
6145
11615
5649
5648
5641
5640
5643
5642
5645
5644
5647
5646
1944
2401
8125
10973
6468
6469
6460
6461
6462
6463
6464
12414
6466
12416
7742
7743
7740
7741
7746
7747
7744
7745
7748
7749
3922
3923
3920
3921
3926
3927
3924
3925
3928
3929
12495
8307
6722
6721
6720
6727
6726
8301
8300
10299
6729
6728
8309
8308
4825
9939
9938
9933
9931
9930
9937
9936
9935
9934
6099
6098
9078
6091
6090
12062
6092
6095
6094
6097
12067
4823
3678
3679
3672
3673
3670
3671
3676
3677
3674
3675
2543
2542
2541
2540
2547
2545
2544
2549
2548
11443
11441
11440
11446
11449
3580
5002
3582
5000
3584
3585
3586
3587
3588
3589
5009
5008
3290
8747
4428
4429
4422
4423
4420
4421
4426
4427
4424
4425
9559
9558
3291
9551
9550
9553
9552
8746
9554
9557
9556
12150
1625
12590
12591
10359
8934
8935
8936
8937
8930
8931
11867
14810
11869
11868
8938
8939
12592
15144
12215
7175
7174
7177
7176
7171
7170
7173
7172
7179
7178
6077
1696
1697
1695
1692
1691
1698
12886
12885
12882
12881
17914
15900
16958
1473
1470
1475
1478
15306
13939
4229
4224
4225
4226
4227
4220
4221
4222
4223
5586
5587
5584
5585
5582
5583
5580
5581
5588
5589
8625
11274
11275
11276
11277
11272
13683
13682
13681
11279
8627
1064
7906
4922
19480
12137
2288
2289
2280
2281
2282
2283
2284
2285
6453
4539
6730
2057
6731
4829
8316
10905
4534
10907
8317
10901
10900
2058
8310
4927
10909
4536
6735
9120
8233
9122
9123
9124
9125
9126
9127
9128
4822
10305
6737
10303
10650
10301
10652
16431
7918
4820
7913
8237
7911
4821
7917
7916
7915
7914
10628
6288
8235
9402
6284
6285
6286
6287
6280
6281
6282
6283
7983
4925
9407
7985
11625
9404
12132
4592
7989
9409
6360
3449
3448
3445
3444
3447
3446
3441
3440
3443
3442
2756
2757
2026
2755
2752
2753
2750
2751
2028
2029
2758
2759
10152
10153
10402
4590
5216
5217
5214
5215
5212
5213
5210
5211
9331
5218
5219
10407
4591
13105
13106
14486
4596
3058
3059
3056
3057
3054
3055
3052
3053
3050
3051
10013
9622
15687
9626
9624
1317
10010
6446
6447
6916
6917
6910
6911
6912
6913
6918
6919
6448
6449
7538
10017
7728
7729
7720
7721
7722
7723
7724
7725
7726
7727
3948
3949
18843
3940
3941
3942
12078
3944
3945
3946
3947
6709
6708
8329
8328
4072
8325
6700
8327
6702
8321
6704
6707
6706
9910
9912
9915
9914
9917
9916
9919
9918
12072
12174
12071
6081
4057
4056
4055
4054
4053
4052
4051
4050
4059
4058
13118
3610
3611
3612
3613
3614
3615
3616
3617
3618
3619
12173
2568
2561
2560
2563
2562
2565
2564
2567
2566
11429
11421
11423
11425
11424
11426
5029
5028
10117
17110
5021
5020
5023
5022
5025
5024
5027
3844
4440
4441
4442
4443
4444
4445
4446
4447
4448
4449
966
20156
1536
1534
3097
10467
10464
10465
10462
10463
10460
10461
5199
10468
3237
13352
8912
8913
8910
8916
8917
8914
5194
11847
8918
8919
11843
3238
11840
3239
5191
15163
1961
7113
7112
7111
7110
7117
7116
7115
7114
7119
7118
1679
1674
1677
12230
7291
14746
7292
14355
1412
7964
1416
1417
7293
4106
4208
4209
4202
4203
4200
4201
4206
4207
4204
4205
5568
5569
5564
5565
5566
5567
5560
5561
5562
5563
11213
11210
11211
11217
11219
10608
7296
14277
3820
12563
14276
7297
10320
7969
10322
2770
4892
4891
4890
2774
4896
16187
4895
10378
2777
3891
6118
6119
6114
6115
6116
12746
6110
6111
6112
6113
10923
10922
10920
10927
10926
10379
10929
10928
7978
7283
7930
7281
7932
7287
7286
9108
7284
9106
7938
7289
9457
9450
9451
9100
10674
9142
9491
16982
9492
7976
9146
12290
12295
9147
9144
7972
12257
12256
12254
12252
3429
3428
13308
12623
3423
3422
3421
3420
3427
3426
3425
3424
2002
2003
2000
2001
2006
2007
4859
4858
4857
4584
4855
4586
4581
4852
4851
4582
14171
4412
11982
6965
11980
13301
11986
11984
8629
1908
12629
12484
8159
10581
6969
10583
13169
10585
10584
10587
8157
10588
7392
13161
8626
11182
11183
11180
11181
11186
11187
11184
11185
8620
11188
11189
11539
8621
11538
8622
8623
10846
5176
11533
12096
11532
12986
12091
12981
12980
1904
1905
1336
1332
6932
6933
6930
6931
8699
6937
1902
8128
8127
8694
8697
8696
8123
8690
8693
8692
7706
7707
7704
7705
7702
7703
7700
7701
7709
1903
10037
8349
8348
8343
8342
8341
8340
8347
8346
8345
8344
4079
4078
4075
4074
4077
3460
4071
4070
4073
13763
3966
3967
3964
3965
5793
3963
3960
3961
5799
3969
3638
3639
3636
3637
3634
3635
3632
3633
3630
3631
3469
3468
11407
11406
11405
11404
11400
11409
4468
4469
4466
4467
4464
4465
4462
4463
4460
4461
12176
6326
6325
6324
6323
6322
6321
6320
6329
6328
9667
9666
9664
10448
10449
9661
9660
10444
10445
10446
10447
10112
10441
10442
10443
9068
6456
8978
8979
8970
8971
8972
8973
8974
8976
8977
14041
9195
7139
7138
7131
7130
7133
7132
7134
7137
7136
8526
7684
1653
1656
1654
1738
2839
2838
2837
2836
2835
2834
2833
2832
2831
2830
3391
3390
3393
3392
5403
5402
5401
3396
3399
3398
5409
5408
1733
4260
4261
4262
4263
4264
13974
4266
4267
4268
4269
1734
1887
1736
5548
5549
5542
5543
5540
5541
5546
5547
5544
5545
3704
8598
8599
8596
8597
8594
8595
8592
8593
8590
8591
2120
5890
11239
5892
5893
5894
5895
5896
5897
5898
5899
11232
11233
11235
11236
4669
2127
2126
4916
2128
4666
15151
4667
4912
4913
4662
9525
4663
7941
9894
9895
9896
9897
9890
9891
9892
9893
9898
9899
10116
6084
12835
16615
1595
6138
6139
6132
6133
6130
6131
6136
6137
6134
6135
10949
10941
10940
10943
10942
10945
10947
3075
9205
9478
9479
16472
9204
9472
9473
9470
9471
9476
2659
9474
9475
9206
10229
10066
9200
9202
2248
2249
2244
2245
2246
2247
2240
2651
2242
2243
10069
9209
9523
9169
3401
3400
3403
3402
3405
3404
3407
3406
3409
3408
4875
4874
4877
4876
4871
4870
4873
4872
4879
4878
2068
10610
2798
2799
10617
10616
10619
2793
2790
2063
2796
2065
2794
2795
14111
8324
13143
13144
9780
9781
9782
9783
9784
9785
9787
9788
9789
9403
12555
9401
12728
12556
7096
7097
7094
7095
7092
7093
7090
7091
12723
7098
7099
12721
1928
8105
8104
8107
8106
8101
8100
8103
8102
8109
8108
12890
6958
6959
6488
6489
6950
6951
6952
6481
6954
6955
6956
6957
12559
8214
8361
8360
8363
8362
8365
8364
8367
8366
8369
8368
8217
10289
3184
3185
3186
3187
3180
3181
3182
3183
3188
3189
8158
11397
11396
4019
11394
11393
11390
4013
4012
4011
4010
4017
4016
11399
4014
5797
3988
3989
3984
3985
3986
3987
3980
3981
3982
3983
12607
5796
8156
12158
5795
28077
15875
1449
2477
2476
2475
2474
2473
2472
2471
2470
2479
2478
7874
7875
7876
7877
7870
7871
7872
7873
7878
7879
5791
16861
19810
6309
6308
6305
6304
6307
6306
6301
6300
6303
6302
10134
10135
10131
4483
10139
10428
10429
9649
9648
9319
9318
10422
9316
9647
9646
9313
9640
9311
10425
8956
8957
8954
8955
8952
8950
8951
8958
13398
15740
3214
3215
8547
3217
1982
3211
3212
3213
4966
3218
3219
1989
9166
3268
2815
12419
2817
2816
2811
2810
2813
2812
2819
2818
14256
14700
14258
5429
5428
3379
3378
5425
5424
3375
3374
5421
5420
5423
3370
12413
12412
4248
4249
4246
4247
4244
4245
4242
4243
4240
13950
5520
5521
5522
5523
5524
5525
5526
5527
5528
5529
6467
4848
6547
6546
6545
6544
6543
6542
6541
6540
4849
6549
6548
7517
7516
7515
7514
7513
7512
7511
7510
14923
7519
7518
12107
6150
6151
6152
6153
6154
6155
6156
6157
6158
6159
6353
10967
6723
10965
10964
10963
10962
10961
8306
8305
10968
4831
8304
4830
8303
4833
8302
12433
4832
6725
4523
6724
4522
4837
8758
4520
6586
4784
8208
6584
8206
2268
2269
2132
8755
2262
11638
2260
2261
2266
6589
2264
2265
8757
9438
5820
8750
9439
8203
11634
5822
8752
8201
9434
4813
4812
4811
4810
4817
4816
4815
2041
8232
4819
4818
2048
9410
9411
9412
3150
11612
9415
11610
10638
10637
9419
10635
10634
10632
11618
11619
8231
9341
11946
11947
18451
11942
11943
11940
11941
11082
9612
8230
9346
10168
10167
11072
11084
11073
10160
10093
10092
10091
10090
10097
10096
10095
10094
10099
10098
13183
12943
12940
8234
7078
7079
8915
7074
7075
7076
7077
7070
7071
7072
7073
8683
6976
8162
8161
6975
8167
6973
6970
8164
12499
8169
8168
15919
6978
6979
12068
11074
8389
8388
8387
8386
8385
8384
8383
8382
8381
8380
8686
12061
6093
8171
4389
4388
4383
4382
4381
4380
4387
4386
4385
4384
1371
1374
1376
6096
8172
4031
4030
4033
4032
4035
4034
4037
4036
4039
4038
11379
11376
11370
11373
13737
11152
14085
9469
2459
2458
2455
2454
2457
2456
2451
2450
2453
2452
7852
7853
7850
7851
7856
7857
7854
7855
7858
7859
6369
6368
6363
6362
6361
12131
6367
6366
6365
6364
9335
9334
10150
9336
10404
9330
10406
9332
10408
10409
10158
10159
9339
9290
9629
9628
9623
7333
9621
9620
9627
1508
9625
7332
9294
14895
7330
14891
1977
3226
1973
1972
1971
3222
3232
3233
3230
3231
3236
5198
3234
3235
1616
1965
5197
5196
1960
5190
5193
5192
13261
13273
2873
2872
2871
2870
2877
2876
2875
2874
2879
2878
3355
3354
3357
3356
3351
3350
3353
3352
3359
3358
5449
5448
5443
5442
5441
5440
5447
5446
5445
5444
13668
7358
5508
5509
5506
5507
5504
5505
5502
5503
5500
5501
9372
1940
5476
6569
6568
3321
6565
6564
6567
6566
6561
6560
6563
6562
7687
7686
7685
3323
7683
7682
7681
7680
5472
5136
7689
7688
3827
3826
3825
3824
3823
3822
3821
3581
3327
9157
3829
3828
8444
8445
8446
8447
8440
8441
8442
8443
9151
8448
8449
10337
9153
9152
10218
7539
14262
7535
7534
7537
7536
7531
7530
7533
7532
2760
14218
1945
6178
6179
6176
6177
6174
6175
6172
6173
6170
6171
10985
10987
10986
10981
10980
3216
7900
7901
9481
2200
2201
2202
2203
2204
2205
2206
2207
2208
2209
7905
11586
11587
11584
11582
11583
11580
9484
11589
12240
12241
6272
4839
4838
12246
4529
4528
4527
4526
4525
4524
4835
4834
4521
4836
7993
7992
7991
7990
7997
7996
7995
7994
9436
9437
11636
7998
9432
9433
9431
5298
5299
5296
5297
5294
5295
5292
5293
5290
5291
13185
13181
12616
13188
12614
12613
8141
8636
12610
8143
8634
6990
6991
8631
8146
7337
9293
7335
7334
9296
9297
7331
9295
9555
9298
9299
7339
7338
11960
11961
1909
11968
15603
12924
12926
12928
10214
10217
10216
10211
10210
10213
10212
10219
15852
7058
7059
7052
7053
7050
7051
7056
7057
7054
7055
9480
8149
8148
6998
6999
8639
8638
6994
6995
6996
6997
8145
8144
8147
8630
9487
2998
2999
2990
2991
2992
2993
2994
2995
2996
2997
9999
9998
9991
9990
9993
9992
9995
9994
9997
9996
11036
11037
11034
11035
7236
11030
11038
13674
14415
1395
1391
12418
11352
7235
14000
2330
2331
2332
5474
2333
4710
2336
2337
6699
6698
6693
6692
6691
6690
6697
6696
6695
6694
2439
2438
2433
2432
2431
2430
2437
2436
2435
2434
7838
7839
7830
7831
7832
7833
7834
7835
7836
7837
6341
6340
6343
6342
12114
6344
6347
6346
6349
12119
5473
9254
10178
10179
9351
9357
9604
9355
9354
9609
9608
5470
10173
10174
10176
10177
5485
11032
3782
3783
1805
3781
3786
3787
3784
3785
8992
8993
3788
3789
8996
8997
8994
8995
4996
4997
4994
4995
4992
4993
4990
4991
4998
4999
15027
14074
3258
3259
1948
3250
3251
3252
3253
3254
3255
3256
3257
13245
2859
2858
2851
2850
2853
2852
2855
2854
2857
2856
14219
5460
3331
5462
3337
5464
3335
3334
5469
5468
3339
3338
14214
14216
18171
14817
8932
8933
1239
8286
8287
8284
8285
8282
8283
8280
8281
8288
8289
6509
6508
2488
6503
6502
6501
2489
6507
6506
6505
6504
9359
4677
4676
2484
4902
3809
3808
3805
4905
3807
3806
3801
3800
3803
4904
8462
8463
8460
8461
8466
4907
8464
8465
8468
8469
9642
7559
7558
7553
7552
7551
7550
7557
7556
7555
7554
11358
4174
4175
4176
4177
4170
4171
4172
4173
4178
4179
7395
9271
9273
10729
14363
10728
7393
2228
2229
2226
2227
2225
2223
2220
2221
5924
5925
5926
5927
5920
5921
5922
10056
14366
5928
5929
10054
10053
8113
10720
4505
4504
4507
4506
4501
4500
4503
4502
10050
4509
4508
2088
2089
2082
2083
2080
2081
2086
2085
11658
11659
11653
11650
11651
11654
9005
8116
9307
12738
7319
7318
7315
7314
7317
7316
7311
7310
7313
7312
12305
12304
12306
12301
11907
12303
11908
11909
12309
12905
12903
15622
12900
7030
7031
7032
7033
7034
9011
9012
7037
7038
7039
10239
10238
9019
12733
9137
7788
7789
7786
7787
7784
7785
7782
7783
7780
14686
1004
9134
4349
4348
4347
4346
4345
4344
4343
4342
4341
4340
11018
11019
11017
11011
11012
11013
8615
8614
8617
8616
8611
8613
8612
8619
8618
13717
11331
11332
9581
8013
5719
5718
5717
5716
5715
5714
5713
5712
5711
5710
9586
9587
11488
11486
11485
11484
11483
9585
7244
9274
12682
10826
5090
10825
10822
10823
10820
3574
3577
10828
10829
7816
7817
7814
7815
7812
7813
7810
7811
5094
7818
7819
5096
3572
9276
2666
4496
9588
2664
2665
2662
4492
9379
9378
4491
9371
9370
9373
4490
9375
9374
9377
9376
1829
1828
1825
1824
1826
1821
1823
1822
2411
2410
2413
2412
4978
2414
2417
2140
4974
2418
4976
4977
4970
4971
4972
4973
3276
3277
3274
3275
1924
3273
3270
3271
14053
1929
3278
3279
13229
6829
13932
13224
13227
1986
14947
14230
12479
3319
3318
5489
5488
3311
5486
3313
5484
5483
3314
3317
3316
15362
12403
11898
11899
6470
14609
5329
6521
6520
6523
6522
8268
6524
6527
6526
6529
6528
8266
8267
8260
8261
8262
8263
16820
3869
3868
3863
3862
3861
3860
3867
3866
3865
3864
8408
8409
8400
8401
8402
8403
8404
8405
8406
8407
7571
7570
7573
7572
7575
7574
7577
7576
7579
7578
9816
9817
9810
9811
9812
9813
6345
3932
9669
4152
4153
4150
4151
4156
4157
4154
4155
4158
4159
12118
6348
13460
8334
6719
4517
8138
4515
8338
6715
9428
5902
5903
5900
5901
5906
5907
5904
5905
5908
5909
8213
3489
3488
8212
3481
8215
3483
3482
3485
3484
3487
3486
4563
4562
4561
4560
4567
4566
4565
4564
4569
4568
15387
11670
11671
11673
11674
11676
11677
11678
11679
9353
9352
9605
9606
6064
6065
6066
6067
6060
6061
6062
6063
6068
6069
2604
2605
2606
2607
2600
2601
2602
2603
2608
2609
10783
10782
10781
10780
10039
10038
10785
10784
10035
10034
10789
10788
10031
10030
10033
10032
7379
7378
7373
7372
7371
7370
7377
7376
7375
7374
11928
11929
12320
12326
11921
11923
11159
9155
10259
9033
9030
9031
9036
9037
9034
7019
7016
7017
9038
7015
7012
7013
10257
7011
1807
1806
8998
13774
8999
2958
2959
2954
2955
2956
2957
2950
2951
2952
2953
5344
5345
1027
5347
5340
5341
5342
5343
5348
5349
10328
8990
4365
4364
4367
8991
4361
4360
4363
4362
4369
4368
5457
1808
11078
3108
3109
3104
3105
3106
11071
3100
3101
3102
3103
8673
8672
8671
8670
8677
8676
8675
8674
8679
8678
4093
4092
4091
4090
4097
4096
4095
4094
4099
4098
5735
5734
5737
5736
5731
5730
5733
5732
11317
13751
11314
5739
5738
11311
11310
1563
12170
12069
13759
8097
8096
8095
9862
8093
8092
8091
8090
8099
8098
7919
16571
6659
6658
6657
6656
6655
6654
6653
6652
6651
6650
9159
10809
10804
10806
10807
10800
10803
2125
6385
6384
6387
6386
6381
6380
6383
6382
6389
6388
2381
2380
2383
2382
2385
2384
2387
2386
2389
2388
7301
7306
9288
1849
1848
1843
1842
1840
1846
1845
4958
4959
2169
2168
1943
2165
2164
4950
2166
4956
7308
4954
4955
14031
1941
2129
1946
1947
10231
17046
3298
3299
5139
5138
5137
1907
3296
3297
5133
5132
3292
3293
13206
14786
20001
12065
12810
6891
6890
6893
6892
6895
6894
6897
6896
6899
6898
10906
12548
2042
1272
1275
8799
8248
8249
3008
8790
8791
8792
8793
8246
8795
8244
8797
5461
3332
1492
10908
3330
5465
3336
8426
8427
8424
8425
8422
8423
8420
8421
5466
8428
8429
1499
10658
9838
9839
5038
7599
7598
7597
7596
9830
7594
9836
7592
7591
7590
10307
10306
3599
3598
10651
10302
10653
10300
4138
4139
4130
4131
4132
4133
4134
4135
4136
4137
3841
5693
5690
5691
3845
5697
3847
5695
3849
3848
5698
5699
13321
7912
7910
5968
5969
5960
5961
5962
5963
5964
5965
5966
5967
4549
4548
4541
4540
4543
4542
4545
4544
4547
4546
11696
11694
11692
11691
2594
2595
2596
2597
2590
2591
2592
2593
2598
2599
12600
12601
12604
12605
6042
6043
6040
6041
6046
6047
6044
6986
6048
6049
8600
2622
2623
2620
6984
2626
5437
2624
2625
8606
2628
2629
6982
7351
7350
10019
7352
9238
8604
7357
7356
9234
10012
10011
9589
9230
10016
9233
7278
12349
12348
8204
12341
13754
12343
10277
10276
10275
10274
10273
10272
10271
10270
10279
10278
9058
9059
7336
9050
9051
9052
9053
9054
9055
9056
9057
2978
2979
2972
2973
2970
2971
2976
2977
2974
2975
5362
5363
5360
5361
5366
5367
5364
5365
5368
5369
5093
1506
4303
4302
4301
4300
4307
4306
4305
4304
4309
4308
11050
11051
11052
11053
11055
11056
11057
11058
11059
2984
3128
3129
3122
3123
3120
3121
3126
3127
3124
3125
8659
8658
8651
8650
8653
8652
8655
8654
8657
8656
9317
5753
5752
5751
5750
5757
5756
5755
5754
5759
5758
15199
9315
2024
15221
9314
2025
12509
12508
2754
7434
7435
7436
7437
7430
7431
7432
7433
2020
7438
7439
2021
2323
16557
2022
13637
2023
2321
12644
6674
6677
6676
6671
6670
6673
6672
2327
6679
6678
2326
9312
2325
2324
10868
10869
10862
10863
10860
10866
10867
14728
10865
16330
1614
13639
2369
2368
2367
2366
2365
2364
2363
2362
2361
2360
1612
13509
1860
1863
1862
1865
3729
1867
1866
3724
3725
3726
3727
3720
3721
3722
3723
4686
4687
4932
4933
4682
4935
4936
4937
4938
4939
4688
4689
11735
11734
2109
11730
11733
11732
2103
2102
2101
2100
2106
2105
2104
5115
5114
5117
5116
5111
5110
5113
5112
5119
5118
20797
15035
10488
1716
10480
10481
10482
10483
10484
10485
10486
10487
1964
1788
1781
1782
1783
1784
1786
1787
6879
6878
6877
6876
6875
6874
6873
6872
6871
6870
5467
11871
14804
8220
8221
8222
8223
8224
8225
8226
8227
8228
8229
13558
1916
3802
1718
7609
7608
7607
7606
7605
7604
7603
7602
7601
7600
2491
2490
4640
8467
2492
2495
2779
4647
9850
9852
9853
4644
9856
9857
9858
9859
2496
11348
1524
1252
1528
4116
4117
4114
4115
4112
4113
4110
4111
4118
4119
11525
10048
7106
10049
3341
5946
5947
5944
5945
5942
5943
5940
5941
11506
11507
11505
11502
11503
5948
5949
10736
10737
9269
9358
10735
10733
10046
10731
3344
10758
9239
1802
10759
12626
6028
6029
13424
6020
6021
6022
6023
6024
6025
6026
6027
2648
2649
10073
10072
10075
10076
10079
2641
2642
2643
2644
2645
2646
2647
9218
9219
9212
9213
9210
9211
9216
9217
9215
12366
12363
5417
12360
10679
9076
9077
9074
9075
9072
9073
9070
9071
10295
10294
10297
10296
10291
10290
10293
10292
10678
3557
3556
3555
3554
3553
3552
3551
3550
11528
9236
3559
3558
2910
2911
2912
2913
2914
2915
2916
2917
2918
2919
9237
13886
10298
5308
5309
5300
5301
5302
5303
5304
5305
5306
5307
13016
13012
13013
4329
4328
9231
4321
4320
4323
4322
4325
4324
4327
4326
3140
3141
3142
3143
3144
3145
3146
3147
3148
3149
18075
10752
5410
9156
5779
5778
10753
5771
5770
5773
5772
5775
5774
5777
5776
12705
10671
2060
10670
1633
12569
12568
15243
15245
12564
12567
12566
7412
7413
7410
7411
7416
7417
7414
7415
7418
7419
16536
6613
6612
6611
6610
6617
6616
6615
6614
6619
6618
10840
10841
10842
10843
10845
10675
10848
3500
3501
3502
3503
12641
5087
3505
12198
12199
5085
12192
3507
12195
2345
2344
2347
2346
2341
2340
2343
2342
2349
2348
3708
3709
1889
1888
3702
3703
3700
1884
3706
3707
1881
1880
2121
6914
2123
2122
4668
2124
4918
4919
4664
4665
4914
4915
4660
4661
4910
13572
11710
11716
11714
6442
11718
6443
5173
5172
5171
5170
5177
6440
5175
5174
5179
5178
13926
9689
9688
15359
9681
9680
9683
9682
9685
9684
9687
5923
7254
7255
7256
7257
7250
7251
7252
7253
7258
7259
6855
6854
6857
6856
6851
6850
6853
6852
6859
6858
8804
8805
8806
8807
8800
8801
8802
8803
8808
8809
14929
6583
6582
6581
6580
6587
8759
6585
8209
8754
8207
8756
6588
8202
8751
8200
8753
7625
7624
7627
7626
7621
7620
7623
7622
7629
7628
13525
13475
13471
9878
9879
9876
9877
9874
9872
9873
9870
9871
11154
11157
11156
11151
11150
3368
14439
14438
3089
3088
1504
3085
3084
3087
3086
3081
3080
3083
3082
3943
13401
13801
3885
3884
3887
3886
3881
3880
3883
3882
3889
3888
9196
11524
6701
11526
11527
11520
11521
11522
11523
1883
6703
8326
6705
8320
8323
12103
1882
8322
10533
3366
10639
6006
6007
6004
6005
6002
6003
6000
6001
6008
6009
10636
9270
7394
7397
7396
7391
7390
10059
9277
9278
9279
10055
10726
7399
7398
10051
10722
6992
12388
8984
12385
12384
12386
12381
12380
6993
9098
9099
9094
9095
9096
9097
9090
9091
9092
9093
5098
5099
17494
3579
3578
3575
5091
5092
3576
3571
3570
3573
5097
4497
2667
4495
4494
4493
2663
2660
2661
4499
4498
2938
2939
2936
2937
2934
2935
2932
2933
2930
2931
5326
5327
5324
5325
5322
5323
5320
5321
13327
11890
11891
5328
1837
10630
13038
6289
13035
1743
13030
1838
11094
11095
11097
11091
11092
11093
11098
2161
3168
3169
3166
3167
3164
3165
3162
3163
3160
3161
4981
20238
2155
4983
2405
4985
2403
2400
4986
2162
15005
10655
8567
8566
8565
8564
8563
8562
8561
8560
12819
8569
8568
7478
7479
2005
7470
7471
7472
7473
7474
7475
7476
7477
10657
14411
6639
6638
6631
6630
6633
6632
6635
6634
6637
6636
11175
10656
7022
9600
14418
19546
4707
2322
4705
4704
4703
4702
4701
4700
2329
2328
4709
4708
3760
3761
3762
3763
3764
3765
3766
3767
3768
3769
11509
2499
2498
4648
4649
4642
4643
2493
4641
4646
2494
2497
4645
11779
11778
1804
7898
7899
7896
7897
7894
7895
7892
7893
7890
7891
5159
5158
5151
5150
5153
5152
5155
5154
5157
5156
11902
11903
11901
11939
11938
7272
7273
7270
7271
7276
7277
7274
7275
13544
7279
12554
8557
6833
6832
6831
6830
6837
6836
6835
6834
6839
6838
10555
10553
10551
8006
10558
10559
8559
8822
8823
8820
8821
8826
12808
8824
8825
8828
8003
10913
11501
8778
8779
12892
8772
8773
8770
8771
8776
8777
8774
8775
7643
7642
7641
7640
7647
7646
7645
7644
7649
7648
10233
10232
9016
9017
9010
1747
1742
7035
7290
7036
9132
10234
9131
3306
7925
5495
7294
3304
9136
11173
11172
11171
3305
7920
1864
3302
11178
3303
10646
5492
10311
1560
3301
13543
10312
10313
10642
10643
10316
7462
13822
10641
13827
13826
13351
5638
5639
13350
5634
5635
5636
5637
5630
5631
5632
5633
8480
8481
8483
8484
8485
8486
8487
8488
8489
13354
