13357
4447
11542
11543
11540
11541
11546
11544
11545
11548
3383
5988
5989
5982
5983
5980
5981
5986
5987
5984
5985
12441
9485
6796
6797
6794
6795
6792
6793
6971
6791
6798
6799
10691
16251
16254
12019
12018
12015
12014
12017
12016
12011
12010
12013
12012
17256
10709
10708
9528
9529
9258
9259
9256
10702
10701
9527
9252
9253
9250
9251
3282
3519
3518
1936
3513
3512
3511
3510
3517
3516
3515
3514
2688
2689
2684
2687
2680
2681
2682
2683
14627
14620
14621
14622
14628
13058
9287
13050
13056
13054
12109
17820
29811
12592
4523
1610
7188
7189
7180
7181
7182
7183
7184
7185
7186
7187
12833
12832
8549
12836
8019
12834
8017
8544
8015
8546
8013
8540
8543
8542
7456
7457
7454
7455
7452
7453
7450
7451
2743
7458
7459
2658
4848
2032
13603
2331
2031
2746
13601
10884
10885
10886
10887
10882
2748
10888
10889
12877
8291
4847
6790
8290
6535
8295
12876
2314
8294
6530
6531
6701
12875
2309
4729
4728
4725
4724
4727
13617
4721
4720
4723
4722
5847
16065
5845
5844
5843
16061
5841
5840
11281
11280
11282
11285
11284
5849
11286
17621
17625
3748
3749
3746
3747
3744
3745
3742
3743
3740
3741
4620
4621
4622
13532
4624
4625
4626
4627
4628
4629
12778
11756
11754
11752
11750
14169
11759
11758
16397
20881
11010
11991
13289
13288
14533
3776
14166
12870
10513
11997
10469
10390
10391
10392
10394
10395
10396
10397
10398
10399
7218
7219
16930
13545
7210
7211
7212
7213
7214
7215
7216
7217
6217
6216
6215
12225
6213
12223
12220
6210
6219
6218
6819
6818
13542
6811
6810
6813
6812
6815
6814
6817
6816
9757
9756
9755
9754
10578
10579
9751
9750
10574
10575
10576
10577
10570
10571
9759
10573
17381
8848
8849
8840
8841
8842
8843
8844
8845
8846
16438
11848
7669
7668
12667
7661
7660
7663
7662
7665
7664
7667
7666
11844
11842
13176
11191
11192
11194
11119
11118
1543
3575
11111
11110
11113
11112
11115
11114
11117
11116
8710
8711
8712
8713
8714
8715
8716
8717
8718
8719
13841
13840
13843
13842
13845
13846
13848
16503
7881
11763
11760
5618
11761
5612
11766
5610
5611
5616
5617
5615
11764
11765
35215
11568
11569
11560
11561
11562
11563
11564
11566
11567
10252
4669
10703
9257
14529
9526
9255
10707
9521
9522
9523
6778
6779
6774
6775
6776
6777
6770
6771
6772
6773
9964
9965
9966
9967
9960
9961
9962
9963
9968
9969
15020
16722
16233
19912
12039
12033
12031
12030
12036
12035
12034
9508
9509
9502
9503
9500
9501
9506
9507
9504
9505
3689
3688
3583
3683
3682
3681
3680
3687
3686
3685
3684
2518
2516
2511
2512
2513
3584
3531
3530
3533
3532
5058
5059
3537
3536
3539
3538
5056
5057
5050
5051
5052
5053
10761
10760
10763
10765
10764
10767
10766
10769
10768
14866
13896
12742
14646
14860
15309
10439
14649
4165
13892
3587
13893
13070
13071
13073
13075
13077
13078
4438
18762
18096
18767
10185
10184
10187
10186
10181
10180
10183
10182
10189
10188
15119
2306
13569
8035
8034
8037
8036
8031
8030
8033
8032
8039
8038
12859
12858
8529
8528
13566
12583
8522
8521
8520
8527
8526
8525
8524
8536
10431
10388
12418
15392
6938
10430
16921
4299
4298
4294
4297
4296
4291
4290
4293
13983
10433
10168
10432
3570
2776
12235
4749
4748
12234
4743
4742
4741
13671
4747
4746
4745
4744
12646
19760
12236
5869
5868
5865
5864
5867
5866
5861
5860
5863
5862
10166
6202
17357
13560
10434
2182
2181
4608
4609
4606
4607
2189
4605
4602
4603
4600
4601
12420
6906
12239
6905
8681
9292
2230
12424
7999
6454
8684
8685
4202
6458
8136
16114
8689
16116
13916
6187
6186
6185
6184
6183
6182
6181
6180
6954
13914
15867
6189
6188
2727
2726
15866
2723
2722
2721
2720
15713
2729
6803
7944
7237
7234
7235
9195
7941
7230
7231
9199
9198
10374
10375
7948
10373
7238
10371
9744
16919
10562
6361
16912
16913
9747
6239
12209
6235
12205
12206
6236
6231
12201
6233
12203
10565
9743
10518
10519
9779
9778
9775
9774
10510
10511
9771
9770
10514
9772
8866
8867
8864
8862
8863
18954
14986
21404
8868
8869
11767
10699
2630
7935
10698
14189
5266
5265
5264
5263
5262
5261
4571
14180
14184
5269
5268
13402
15850
2091
13443
13407
13406
11137
13409
11135
11134
14321
11132
11131
14322
14329
11139
11138
17985
10572
3026
3023
3022
3020
15582
15580
15586
8738
8739
8736
8737
8734
8735
8732
8733
8730
8731
4198
13868
13867
4197
4194
4195
4192
4193
4190
4191
5670
5671
5672
5673
5674
5675
5676
5677
5678
5679
18921
10235
14500
6437
8193
12444
15325
6433
8197
8194
8195
8198
8199
11642
6439
6438
17448
10690
13734
10566
6758
6759
6752
6753
6750
6751
6756
6757
6754
6755
10308
9943
9940
9941
9946
9947
9944
9945
9948
9949
16214
16212
10342
10307
12051
12050
12053
12055
12057
12056
12059
12058
10694
4681
12268
10697
2532
2530
2531
2536
2537
2534
2535
12851
5078
5079
5072
5073
5070
5071
5076
5077
5074
5075
15327
9560
9561
9562
9563
9564
9565
9566
10748
9568
9569
10745
10744
10743
10741
5380
5381
5382
5383
5384
5385
5386
5387
14844
5389
14662
14847
11832
11833
14842
14843
13098
13096
13094
13095
13092
13093
13090
13091
12262
20295
9384
9385
9386
9387
9380
9381
9382
9383
9388
9389
2412
12260
10797
2414
2417
1132
13771
15138
13777
12856
15135
13776
7148
7149
7144
7145
7146
7147
7140
7141
7142
7143
13584
13779
8501
8052
8051
8502
8057
8504
8507
8506
8509
8508
8059
8058
12267
10792
11999
13585
2882
7498
7499
2887
2884
2885
7492
7493
7490
7491
7496
7494
7495
10793
24293
15205
12265
13587
1920
5788
14404
14411
11166
6589
11161
4761
13651
4763
4762
4765
11162
4767
4766
4769
4768
11249
11248
11245
11244
11247
11246
11241
11243
11242
5809
14055
5803
5802
5801
5800
19744
5806
5805
5804
17376
10346
11799
11798
11793
11792
11791
11790
11797
11796
11795
11794
10458
10557
20843
13831
11990
4888
4889
10356
10357
10350
10351
10353
4880
4881
4882
2706
4884
4885
4886
4887
7962
7963
7960
7961
7966
7967
7964
9178
10682
9176
9175
9174
9173
9172
10684
10685
16971
12745
6259
6258
12318
6939
12744
6253
12263
6251
6250
6257
6256
6255
6254
10530
10531
10532
12746
10534
10535
10536
10537
10538
10539
8018
12740
8545
9719
9718
12743
8016
9713
9712
9711
9710
9717
8547
9715
9714
3474
3476
3477
8888
3471
3472
3473
8884
8885
8886
8887
3478
3479
8882
8883
8011
20597
8010
12912
11623
11288
11622
9007
5249
5248
7022
5245
5244
5247
5246
5241
5240
5243
5242
13135
13137
7020
13131
13130
15834
15835
10228
11621
13139
13138
7026
7931
7025
7930
9000
10679
14303
5487
14301
7280
3001
3000
3003
3002
11620
10226
7934
3312
7285
3315
9109
12129
3314
10673
10222
7938
8633
10223
7289
7288
12483
10677
12128
10676
11626
5658
5659
5656
5657
5654
5655
5652
5653
5650
5651
12480
13340
13347
13344
12486
13349
6419
6418
15304
6414
6417
6416
6411
6410
12462
12463
7777
7776
7775
7774
7773
7772
7771
7770
12487
7779
7778
3917
3916
3915
3914
3913
3912
3911
3910
3919
3918
8314
6731
6732
8317
8310
8311
8312
8313
6738
6739
8318
8319
9928
9929
12292
9920
9921
9922
9924
9925
9926
9927
11579
11578
6088
6089
6086
6087
6084
6085
6082
6083
12071
6081
11574
5999
14931
11572
12120
2784
3284
12488
3649
3648
3647
3646
3645
3644
3643
3642
3641
3640
2553
2554
2558
10329
12837
11476
11475
11472
11473
11470
11471
11478
11479
5010
5011
5012
5013
5014
5015
5016
5017
5018
5019
2178
14935
4419
4418
4417
4416
13304
13305
4413
13303
4411
4410
9548
9549
9546
9547
9544
9545
9542
9543
9540
9541
14822
14825
11814
11815
11816
11810
11811
11812
11813
11818
11819
12838
15156
7168
7169
7162
7163
7160
7161
7166
7167
7164
7165
2321
8079
8078
12899
12898
8071
8070
8073
8072
8075
12890
8077
8076
793
17583
12164
8637
12167
13642
12166
6331
12162
4857
4584
13618
4855
13619
15010
4854
8635
4853
4852
13614
6522
4851
13615
8268
4850
13616
8269
4726
15016
2305
6526
13611
8264
2307
4789
4788
4787
4786
4785
4784
4783
4782
4781
4780
5821
11289
5823
5822
5825
5824
5827
5826
5829
5828
11261
11260
11267
16066
11265
11264
16060
8632
5842
16062
9674
6917
9675
9676
14541
10450
11060
10457
8630
5848
10456
9672
10454
10459
15494
11981
10101
3938
9679
12798
12799
12793
12790
12796
12797
12794
15491
9155
10333
2769
2768
10336
9150
9153
10335
2763
2762
2761
10339
9159
2766
7908
7909
9489
9488
16400
17893
9483
7901
7902
7903
7904
7905
7906
7907
6271
6270
6273
6272
6275
6274
6277
6276
6279
6278
13533
4623
13535
9731
9730
9733
9732
9735
9734
9737
9736
9739
9738
13536
13538
13794
3452
3453
3450
3451
3456
3457
3454
3455
3458
3459
13168
10582
2326
10589
14149
14148
10588
14144
14147
14141
11852
14142
5229
5228
5223
5222
5221
5220
5227
5226
5225
13167
13112
13111
13110
11856
13115
13119
8902
14369
14368
3061
14498
3067
3065
3064
14361
15490
3069
3068
14497
14495
14355
7466
10015
14359
11604
4817
11607
7575
7574
4816
7579
7578
2597
14814
1308
8557
494
15368
6478
6473
6472
6471
6470
6477
6476
12404
6474
11600
7759
7758
9536
7755
7754
7757
7756
7751
7750
7753
7752
9242
3939
12141
3935
3934
3937
3936
3931
3930
3933
9532
8332
8333
8330
8331
8336
8337
6718
6719
6716
6717
6714
6715
6712
6713
6710
6711
9906
9907
9904
9905
9902
9903
9900
9901
9908
9909
13489
11088
4044
4045
4046
4047
4040
4041
4042
4043
4048
4049
3665
3664
3667
3666
3661
3660
3663
3662
3669
3668
2578
2579
2576
2574
2572
11458
11459
11454
11455
11456
11457
11450
11451
11452
11453
3593
3592
3591
3590
3597
3596
3595
5039
5036
5037
3599
3598
5032
5033
5030
5031
4435
4434
4437
4436
10120
4430
4433
4432
17120
4439
13329
12816
10127
12811
10126
13481
15765
10124
10475
10474
10477
10476
10471
10473
10472
6481
10479
10478
11872
8926
11870
8924
8923
8922
8921
8920
14809
11878
11879
8929
8928
3386
15179
3387
3384
7100
7102
7103
7104
7105
6487
7107
7108
7109
13485
3380
5413
14755
13484
14750
14751
14753
14777
14775
14772
14778
13486
7287
1460
14380
4239
4238
4237
4236
4235
4234
4233
4232
4231
4230
5591
5590
5593
5592
5595
5594
5597
5596
5599
5598
5807
14728
15021
13697
13690
13691
7977
13905
13906
11201
11200
11203
11202
11205
11204
11207
11206
11209
11208
13901
12226
12227
12824
4212
12224
6214
6237
6212
7971
6211
12221
12678
7970
15401
10719
12675
12674
8699
12229
12677
8698
2299
2298
6934
12671
2291
8128
2295
2294
8127
12673
8694
12672
8697
19698
16161
6912
8124
14873
10343
8691
8690
10916
10917
10914
10915
10912
10913
8139
10911
8120
10918
9133
9132
7924
9130
7294
7295
9135
7921
10310
7299
10312
9138
10642
10643
7928
7929
6537
16424
16422
16423
10341
6299
6298
6297
6296
6295
6294
6293
6292
6291
6290
9753
9752
10340
2497
21311
8511
3438
3439
4936
3430
3431
3433
3434
3435
3436
3437
4592
4593
4590
4591
4596
4597
4594
4595
4844
4845
4598
4599
4840
4841
4842
4843
5201
5200
5203
5202
5205
5204
5207
5206
5209
5208
14161
11992
11995
11994
14165
14164
4562
13410
10344
13170
4566
18646
11190
11193
14344
11195
14342
11197
11196
11198
13415
14348
3049
3048
17926
3041
3043
3042
3045
3044
3047
3046
4568
12582
15535
15691
10311
29042
12587
1914
8682
8683
8680
15435
8138
8687
6457
6900
8134
8135
8688
8137
8130
8131
8132
8133
7739
7738
7733
7732
7731
7730
7737
7736
7735
7734
3959
3958
3953
3952
3951
3950
3957
3956
3955
3954
8358
8359
10022
8350
8351
8352
8353
8354
8355
8356
8357
5020
10023
10109
4062
4063
4060
4061
4066
4067
4064
4065
4068
4069
5784
5785
5786
5787
5780
5781
5782
5783
10108
5789
3603
3602
3601
3600
3607
3606
3605
3604
3609
3608
13904
11438
11439
11432
11433
11430
11431
11436
11434
11435
17102
4453
4452
4451
4450
4457
4456
4455
4454
4459
4458
13900
12631
16854
16850
16852
6334
6335
6336
6337
6330
12160
6332
6333
6338
12168
10453
10452
10451
9677
9670
9671
10455
9673
10105
10107
10106
9678
10100
10103
10102
12095
12094
12097
11858
11859
12096
8909
8908
8905
12091
8907
11853
11854
8900
8903
11857
2174
12092
6840
7128
7129
7126
7127
7124
7125
7122
7123
7120
7121
7955
4074
4960
1661
4489
4076
13761
2828
2829
4697
2824
2825
2826
2827
2821
2822
2823
5414
5415
5416
5417
3382
5411
5412
3381
13387
5418
5419
3388
3389
8265
3965
5793
3963
4215
4214
4217
4216
4211
4210
4213
13903
3961
4219
4218
12660
5579
5578
5577
5576
5575
5574
5573
5572
5571
5570
5799
14470
10039
3969
14473
10038
5003
3269
11229
11228
11227
11226
11225
11224
11223
11222
11221
11220
10788
5123
9535
13390
9533
10369
16627
16197
16620
6109
6108
12756
6106
6105
12755
6103
12753
6101
12751
10938
10934
10935
10936
10937
10930
10931
10932
10933
5005
9118
9531
9449
9448
9111
9110
9445
9444
9115
9114
9117
9440
12285
16448
12287
12280
12283
16442
16440
12288
12329
16445
12328
12758
5905
6107
7958
13235
6104
12752
6102
3416
8022
3414
3415
3412
3413
3410
8023
6100
8020
3418
3419
15295
8026
14283
8535
10664
13488
4868
4869
10660
10661
10662
10663
4862
4863
4860
8025
10668
4867
4864
4865
14101
14105
14107
14106
14109
14108
13389
17714
17716
13157
9032
13155
13153
13152
10258
13159
13158
10592
10590
10591
10596
10597
10594
10595
10598
9119
7018
18664
9035
7016
10250
7014
7015
10255
9447
7010
9446
7011
9113
9112
9443
9442
12990
12992
12993
12994
12995
12996
12997
12998
9116
12286
13379
1340
13377
8118
8119
6929
6928
6925
6924
8110
6926
8116
8117
6923
8115
7711
7710
7713
7712
7715
7714
7717
7716
7719
7718
13372
7505
1486
8376
8377
8374
8375
8372
8373
8370
8371
8378
8379
15560
9800
12271
9435
4008
4009
4000
4001
4002
4003
4004
4005
4006
4007
3971
3970
3973
3972
3975
3974
3977
3976
3979
3978
3629
3628
8140
3621
3620
3623
3622
3625
3624
3627
3626
13990
4287
11410
11411
11412
11413
11414
11415
11417
11418
11419
16292
8142
4479
4478
21487
13360
4470
4473
4472
4475
4474
4477
13367
9075
6447
2950
14811
2466
2467
6444
2469
9073
16871
16877
3417
6312
6313
6310
6311
6316
6317
6314
6315
6318
6319
3426
9652
9653
9650
9651
9308
9657
8531
9655
9304
10122
9306
9659
10435
9301
10125
10436
9454
8968
8963
8962
8961
8960
8967
8966
8965
8964
8533
5846
4734
8236
9297
9457
2808
2809
2802
2800
2801
2807
2805
5432
5433
5430
5431
5436
5437
5434
5435
3364
3365
9450
3367
3360
12174
3362
3363
10667
6323
12173
4273
4272
4271
4270
13966
4276
4275
4274
9451
8537
4278
5555
5554
5557
5556
5551
5550
5553
5552
5559
5558
4861
9452
4866
10669
8589
8588
13487
13660
8581
8580
8583
8582
8585
8584
8587
8586
6440
9453
9079
13665
13664
5883
5882
5881
5880
5887
5886
5885
5884
5889
5888
6554
6555
6556
6557
6550
6551
6552
6553
15069
6559
5871
12421
14558
14559
16018
11290
11291
7504
14552
9885
7507
7500
7501
7502
7503
10448
7508
7509
9889
9888
3107
9661
11076
9660
3101
6125
12775
6127
6126
6121
14554
12772
6122
14555
6129
12779
10447
10440
10441
12425
10958
10959
9669
4223
15973
10950
10443
10956
10957
10954
10955
16460
16462
16465
4415
8674
9617
13150
12427
26168
13521
2259
2194
2254
2252
2251
13527
13524
4092
13781
13528
4800
4801
4802
4803
4804
4805
4806
4807
4808
4809
10602
10603
9467
10601
9461
10607
9463
10605
2072
10609
9469
9468
11959
14129
14128
11955
11954
14124
11951
11953
18461
17734
9610
9792
9791
9790
9797
9796
9795
9794
9799
9798
8791
14388
5733
14383
14381
11318
14385
15526
14925
11316
12272
18669
7353
11312
16900
12978
15659
12976
12975
15652
12973
12970
12971
7081
7080
7083
7082
7085
7084
7087
7086
7089
7088
7584
8904
7585
9805
8170
6494
6497
9804
6491
8175
8176
6492
8178
9803
20422
6499
6498
9802
6949
6948
9801
6943
6942
6941
6940
6947
6946
6945
6944
12540
8205
8906
7352
8398
8399
8394
8395
8396
8397
8390
8391
8392
8393
15445
4398
4399
4390
4391
4392
4393
4394
4395
8160
4397
3197
3196
3194
3193
3192
3191
3190
3199
3198
4026
4027
4024
4025
13733
4023
13731
4021
4028
4029
11381
11382
11383
11384
11385
11386
11387
11388
11389
15442
3999
3998
3997
3996
3995
3994
3993
3992
3991
3990
15440
15714
13720
8551
2442
8097
2446
2445
2448
8095
7867
7866
7865
15206
7863
7862
7861
7860
12521
5486
7869
7868
8091
8829
16812
6378
6379
4144
6370
6371
12123
6373
6374
12124
6376
12126
10417
10416
10143
10414
10145
10412
10147
10410
10149
10148
10419
10418
9638
9639
9328
9329
9630
9631
9320
9321
9326
9635
9636
9325
8941
8940
8943
8942
8945
8944
8947
8946
8949
8948
15863
15449
5406
3393
3392
3395
5402
5182
5183
5180
5181
5186
5187
3201
3200
1998
5188
5189
3209
3208
5481
14721
3535
10368
2860
2862
2863
2865
2866
2867
2868
2869
10172
5054
14245
14242
14243
5055
14718
14719
8047
5458
5459
3348
3349
5450
5451
3340
3341
3346
5455
5456
5457
10362
4259
4258
4251
4250
4253
4252
4255
4254
4257
4256
5533
5532
5531
5530
5537
5536
5535
5534
5539
5538
9520
5102
13973
5103
13972
6572
6573
6570
6571
6576
6577
6574
6575
6578
6579
5100
6220
7694
7695
7696
7697
7690
7691
7692
7693
7698
7699
12216
3834
3835
3836
3837
3830
3831
3832
3833
9190
3839
12219
12668
7522
7523
7520
7521
7526
7527
7524
7525
7528
7529
6655
12665
14867
6653
12663
12712
6142
6141
6140
6147
6146
12714
6144
6149
6148
6927
10970
10971
10972
10973
10974
10976
10977
10978
10979
6920
8114
6922
10509
2277
2276
2273
9763
11595
11594
11591
11590
11593
11592
11599
11598
17280
17534
2053
9769
4538
4539
4828
4829
4534
4535
4536
4537
4822
4823
4532
4821
10628
10629
7982
7983
11627
9406
7986
7987
10620
7989
9409
10623
10624
10625
10626
10627
11979
11978
11973
11972
11970
11976
11975
17759
17751
17755
13198
13192
13190
13196
13194
2097
13427
14790
13426
13425
7324
7325
7326
7327
10088
10089
7322
7323
10084
10085
10087
7328
10081
10082
13422
13421
13365
12954
15676
12957
12952
15673
12959
11605
10237
2290
7069
7068
7067
7066
7065
7064
7063
7062
7061
7060
11684
14205
6961
6960
6963
12481
8628
6964
15456
12485
8624
8625
8154
8627
8620
8153
8150
8151
5898
5899
11682
7974
18764
9988
9989
9986
9987
9984
9985
9982
9983
9980
9981
11025
11024
11027
11026
11021
11020
11023
11022
11029
11028
1384
15886
7222
12408
11368
11369
11366
11367
11364
11365
11362
11363
11360
11361
3789
5463
9241
10402
6688
6689
6680
6681
6682
6683
6684
6685
6686
6687
2421
2423
2424
2425
2426
2427
7849
7848
7845
7844
7847
7846
7841
7840
7843
7842
12107
6357
12105
6355
12103
12102
6350
12100
6358
12108
9340
9341
9614
9615
9344
9345
9346
9611
9348
9349
10165
10164
10163
10162
9618
9619
1814
12086
12087
14882
1818
12084
6074
12082
12083
13719
6071
13718
14083
14085
14087
14088
14089
9246
1608
3229
3228
3225
3224
3227
3226
3221
3220
3223
3222
13276
13277
13274
12088
13710
12089
13712
2848
2849
2846
2844
2845
2842
2840
2841
5476
3321
5474
5475
5472
5473
3326
5471
3328
14265
9632
14267
5478
5479
19423
18163
13711
5519
5518
5511
5510
5513
5512
5515
5514
5517
5516
11102
5129
3035
7342
3036
10799
11101
7340
11106
10029
14467
10026
3032
10795
11105
3296
6518
6519
3297
6510
3290
6512
6513
6514
6515
6516
6517
10020
3293
3812
3813
3810
3811
3816
3817
3814
3815
3818
3819
8457
8456
8455
8454
8453
8452
8451
8450
8459
8458
7548
7549
7540
7541
7542
7543
7544
7545
7546
7547
16136
16137
16133
16130
6169
6168
6161
6160
6163
6162
6165
12735
6167
6166
10998
10999
10996
10997
10994
10992
10990
10991
7349
12769
9777
6139
2210
5604
13668
2218
12762
6130
6131
12766
8523
6134
12850
17512
12764
12853
17515
4518
12852
10083
4513
4510
13460
4516
13466
4514
12586
9429
9428
12857
9421
11640
11643
9422
11645
9424
9427
11646
5289
5288
5281
5280
5283
5282
5285
5284
5287
5286
11007
10242
16474
10243
7003
7302
7303
7300
7301
9289
7307
7304
7305
9285
9284
7308
7309
9281
9280
9283
9282
11911
11910
11913
11912
11915
11914
11917
11916
11919
11918
7006
12932
12933
12930
13703
12936
12934
12935
10060
9490
9477
10206
10207
7047
7046
7041
7040
7043
7042
7049
7048
10208
10209
13369
9108
8608
8609
6989
6988
6987
8603
8600
6984
6983
8607
6981
6980
4471
13361
13362
2989
13363
9493
14693
14300
2981
2980
2987
2986
2985
2984
13366
4476
6650
9107
4358
4359
4354
4355
4356
4357
4350
4351
4352
4353
11003
11002
11001
14520
14527
11006
11005
11004
11009
14528
9104
13991
9496
11344
11345
11346
11347
11341
11342
11343
11348
11349
5708
5709
5704
5705
5706
5707
5700
5701
5702
5703
12455
12454
15337
8901
15336
6420
13989
12453
9100
12452
12809
13985
15339
3316
13981
6352
2460
4292
9594
10024
12695
12693
12692
12691
12690
3594
12699
10834
10836
10831
10830
10832
10839
10838
9597
7829
7828
16366
7823
7822
7821
7820
7827
7826
7825
7824
3401
17189
9368
9369
9366
9367
9364
9365
9362
9363
9360
9361
8985
8984
8987
8986
8981
8980
8983
8982
8989
8988
12464
3799
3798
1834
3795
3794
3797
3796
3791
3790
3793
3792
4981
4980
4983
2405
4985
4984
4987
4986
4989
4988
2408
1954
14068
14067
14064
14065
14062
3249
3248
3243
3241
3240
3247
3246
3245
13259
13254
13255
13253
3053
1993
14208
14209
1487
5499
3308
3309
3306
5495
14200
5497
3302
5491
3300
5493
12143
12142
10613
12140
12147
12146
12145
1995
12144
13482
10619
13679
10618
12149
14567
8242
13497
13672
1864
9658
15568
2067
13670
4740
4142
11040
13677
6536
15006
6534
8292
6532
6533
8297
8296
8299
8298
8240
6538
6539
15566
8794
8795
8796
4464
11048
3878
3879
3870
3871
3872
3873
3874
3875
3876
3877
8479
8478
8475
8474
8477
8476
8471
8470
8473
8472
7566
7567
7564
7565
7562
7563
7560
7561
10129
7568
7569
10128
9656
9309
9654
10123
9305
10121
4167
4166
13894
4164
4163
4162
4161
4160
9300
4169
4168
10437
8245
9303
15967
2239
2231
8642
2237
5937
5936
5935
5934
5933
5932
5931
5930
5939
5938
3498
3499
3496
3497
3494
3495
3492
3493
3490
3491
4570
2094
4572
4573
4574
4575
4576
4577
4578
4579
4604
8423
11667
11666
11665
11663
11662
11661
11660
8969
11669
2666
17796
9015
11308
11309
15408
2799
11300
11301
7368
7369
7360
7361
7362
7363
7364
7365
7366
7367
12317
9010
12313
11939
12311
11937
11936
11935
11934
11933
11932
11931
11930
12918
9758
12910
12911
15632
12913
12914
12915
12917
7023
9006
9005
9004
7027
9002
9001
7024
10224
10225
7029
10227
10220
9009
9008
21514
7597
7596
9830
3330
9831
9836
9837
7799
7798
4241
9834
7791
7790
7793
7792
7795
7794
7797
7796
3337
3336
14738
14324
4378
4379
4372
4373
4370
4371
4376
4377
4374
4375
14549
11068
11061
14540
11063
11062
11065
11064
11067
11066
8660
8661
8662
8663
8664
8665
8666
8667
8668
8669
3334
17897
4080
4081
4082
4083
4084
4085
4086
4087
4088
4089
11322
11323
11321
11326
11327
11324
11325
5728
5729
5722
5723
5720
5721
5726
5727
5724
5725
13762
11498
11499
11490
11491
11492
11493
11494
11495
11496
11497
8084
8085
8086
8087
8080
8081
8082
8083
8088
8089
16564
3072
16563
6648
6649
6644
6645
6646
6647
6640
6641
6642
6643
10813
10812
10811
10810
10817
10815
10819
10818
7801
7800
7803
7802
7805
7804
7807
7806
7809
7808
12534
15212
21077
16304
16307
6398
6399
15087
6392
6393
6390
6391
6396
6397
6394
6395
2396
2395
2392
2393
2390
2391
2399
12526
12442
12538
5692
5693
1852
1853
5690
15640
5691
4969
4968
4967
4966
4965
4964
4963
4962
4961
5697
14044
14045
14046
12440
14040
3847
14043
5695
14048
14049
3261
1932
3263
3262
5128
3264
3267
3266
5124
5125
5126
5127
5120
5121
5122
3369
7236
7945
7946
13238
7947
14733
7940
13237
13234
9194
14222
5439
14952
9197
14228
7943
3361
10377
10372
7949
11230
10370
7239
6886
6887
6884
6885
6882
6883
6880
6881
12874
6888
6889
12524
13962
13963
13960
8279
8277
8276
8275
8274
8273
8272
8271
8270
10772
10773
10770
12520
12448
12208
4279
6238
10774
10775
12659
2059
12204
8419
8418
6234
8413
8412
8411
8410
8417
8416
8415
8414
12207
7588
7589
9809
9808
9807
9806
7586
7587
7580
7581
7582
7583
6662
12202
12652
12193
6660
6359
6482
6951
11829
6665
6480
15390
4149
4148
4145
15397
4147
4146
4141
4140
4143
6955
3856
3857
3854
3855
3852
3853
3850
3851
6485
3858
3859
11826
10379
18881
11823
11822
5919
5918
5915
5914
5917
5916
5911
5910
5913
5912
17221
17552
17222
10512
19154
4558
4559
4556
4557
4554
4555
4552
4553
4550
4551
9003
11689
11688
11685
10516
11686
11681
11680
11683
10517
9773
10515
15423
9616
12528
6175
15422
14984
8860
8861
16799
6077
6076
6075
12085
6073
6072
12080
6070
6079
6078
2615
2614
2613
2611
2610
7346
7347
7344
7345
10798
7343
10028
7341
10794
10027
10796
10025
10790
10791
7348
10021
4545
13435
12338
12339
12335
11570
12330
12333
7009
7008
10248
10249
9029
9028
9025
9024
9027
10241
7005
9020
7007
9022
2949
2948
2946
2945
2944
2943
2941
2940
5357
5356
5355
5354
5353
5352
5351
5350
5359
5358
4310
4311
4312
4313
4314
4315
4316
4317
4318
4319
11047
14566
11045
11044
11043
14560
15061
11049
15060
3119
3118
3117
3116
3115
3114
3113
3112
3111
3110
8648
8649
8646
8647
8644
8645
9323
8643
8640
8641
6558
12730
5740
5741
5742
5743
5745
5746
5747
5748
5749
11302
11303
11304
11305
11306
11307
9126
5215
14188
12732
3183
12536
15214
12535
12532
12530
12531
5260
15218
2136
16096
6668
6669
12653
6663
12651
6661
6666
6667
6664
12654
10879
10878
10871
10870
10873
10872
10875
10877
10876
16325
9127
16321
12113
12737
10771
2374
2375
2376
2377
2370
2371
2372
4945
4944
4947
4946
4941
4940
4943
4942
4949
4948
2119
2116
14026
14027
14025
14029
11395
5108
13709
17053
17050
3288
3287
3286
3285
5101
5106
5107
3281
5105
13210
13213
13214
13215
13216
11136
13219
4013
14326
10499
10498
10497
10496
10495
10494
15391
10492
10491
10490
14799
12075
14323
14974
13706
14976
14977
14972
14973
11399
4014
12074
9887
9886
7506
14737
9884
9883
9881
9880
6868
6869
6864
6865
6866
6867
6860
6861
6862
6863
9582
3029
9583
10019
5109
9586
9239
8255
8254
8257
8256
8251
7357
8253
8252
7356
8259
8258
15519
7359
15394
8788
10012
8783
8782
15513
8780
8787
8786
8785
8784
10010
7618
7619
7614
7615
7616
7617
7610
7611
7612
7613
5104
3280
8431
8430
8433
8432
8435
8434
8437
8436
8439
8438
9825
9824
9827
9821
9820
9823
9822
9829
9828
15589
6124
12777
12770
12771
8516
6123
13959
8517
12773
8042
8043
15297
8512
8513
4129
4128
8510
4123
4122
4121
4120
4127
4126
4125
6128
4196
5689
5688
5685
5684
5687
5686
5681
5680
5683
5682
1634
12340
13860
13561
11519
11518
11515
11514
11517
11516
11511
11510
11513
11512
5979
5978
3019
5973
5972
16152
5970
5977
5976
5975
5974
6737
14791
12845
2587
2586
2585
2582
2581
2580
2589
10953
10951
6059
6058
6055
6054
6057
6056
6051
6050
6053
6052
10004
10005
10006
10007
2639
2638
10002
10003
2635
2634
2636
10008
10009
2633
2632
9599
9598
9229
9228
9595
9226
9225
9224
9591
9222
9593
9592
12358
12359
12352
12353
12350
12351
12356
12357
12355
10260
10261
10262
10263
10264
10265
10266
10267
10268
10269
5401
9049
9043
9042
9041
9040
9047
9046
9045
9044
3544
3545
3546
3547
3540
3541
3542
3543
3548
3549
14462
2965
2964
2966
2961
2960
2963
2962
5195
2969
2968
5379
5378
5375
5374
5377
5376
5371
5370
5373
5372
13004
13007
30136
13000
13003
13002
13008
4338
4339
4336
4337
4334
4335
4332
4333
4330
4331
3135
3134
3137
3136
3131
3130
3133
3132
14585
14587
14586
3139
3138
18002
17850
7321
13374
5768
5769
5766
5767
5764
5765
5762
5763
5760
5761
15185
15182
16124
12446
6436
16380
6435
6434
8196
6432
6431
12514
15235
12517
12511
15232
12513
7427
7426
7425
7424
7423
7422
7421
7420
7429
7428
5184
6600
12630
6602
6603
9307
6605
6606
6607
6608
6609
12449
10857
10856
10855
10854
10853
10851
10850
15771
10859
10858
21030
12189
12188
12187
12186
12185
12184
12183
12181
12180
7329
9302
12242
2352
2353
2350
2351
2356
6736
5267
17690
17694
3739
3738
3737
3736
3735
3734
3733
3732
3731
3730
4691
4690
4693
4692
4695
4926
13586
4924
13588
4698
4929
4928
11724
11722
11723
11720
11721
11728
11729
5160
5161
5162
5163
5164
5165
5166
5167
5168
5169
14004
2787
2786
10700
2781
13646
4775
9698
9699
9696
9697
9694
9695
9692
9693
9690
9691
14913
10706
4307
8250
9465
9464
10600
10705
9466
12158
9460
11603
1793
11602
10704
6848
6849
6842
6843
15751
6841
6846
12156
6844
6845
11050
12157
15270
6676
11051
6301
11608
14573
15271
12153
6590
6591
8231
6593
6594
6595
6596
8234
6598
6599
8239
8238
15538
13517
8781
9942
7638
7639
7632
7633
7630
7631
7636
7637
7634
7635
10777
13515
17952
9843
9842
9841
9840
9847
9846
9845
9844
9849
9848
15274
16033
3092
3093
3090
3091
3096
3097
3094
3095
3098
3099
1538
4101
10422
4103
4102
4105
4104
4107
4106
4109
4108
9647
9314
16009
9640
3898
3899
9311
15277
3892
3893
3890
3891
3896
3897
3894
3895
15994
6986
10154
5951
5950
5953
5952
5955
5954
5957
5956
5959
5958
11531
11530
11537
11536
11535
11534
15993
15992
13414
9160
11809
13504
2562
13507
3335
13869
11808
10621
9162
6039
6038
17267
17266
6033
6032
6031
6030
6037
6036
6035
6034
10062
9204
2659
9206
10066
9200
10064
9202
2652
2651
10069
9209
9208
2655
7388
7389
9417
7382
7383
7380
7381
7386
7387
7384
7385
12370
12371
12372
12374
12375
12376
9061
9060
9063
9062
9065
9064
9067
9066
9069
9068
10284
10285
10282
10283
10280
10281
3562
3563
3560
3561
3566
3567
3564
3565
3034
3568
3569
4484
4485
4486
4487
4480
4481
4482
4483
4488
13398
2903
2902
2901
2900
2907
2906
2908
11883
11882
11881
11880
11887
11886
11885
11884
11889
11888
14611
21870
5319
5318
20192
5313
5312
5311
5310
5317
5316
5315
5314
13020
13026
13024
13029
3153
3152
3151
3150
3157
3156
3155
3154
11083
11082
3159
3158
11087
11086
11085
20223
10747
2485
12248
10649
2018
2482
13358
10646
9419
8574
8575
8576
8577
8570
8571
8572
8573
10644
8579
12578
15015
12573
12570
15251
12576
12577
12575
7409
7408
12489
7404
7407
7406
7400
7403
7402
19080
16058
16055
16505
12249
16502
12619
6629
6626
6627
6624
6625
6622
6623
6620
12610
2812
11929
15018
12503
12502
12507
12298
15019
4714
4715
4716
4717
4710
4711
4712
4713
15224
4718
4719
15229
3715
3714
3717
3716
3711
3710
3713
3712
3719
3718
15656
8189
17674
4124
4909
4908
4679
2489
4901
4900
13564
4902
4673
4904
2480
4670
11708
11704
11705
11706
11700
11701
11702
5148
5149
5146
5147
5144
5145
5142
5143
5140
5141
7957
7956
10349
5425
7954
10724
3376
7953
13531
3375
9169
3374
7227
3373
7226
2076
3372
7229
3371
7228
5422
10693
15352
7247
7246
7245
9167
7243
7242
7241
7240
10695
7249
7248
7959
9163
10401
15731
6821
6822
6823
6824
6825
6826
6827
6828
6829
10721
10544
10547
10541
10540
10543
10542
10549
10548
12645
16088
10720
8817
8816
14280
8814
8813
14287
14284
8810
14938
14289
18273
8819
8219
15384
12642
8749
8171
8211
8746
8213
8744
8743
8742
8217
8216
7650
7651
7652
7653
7654
7655
7656
7657
7658
7659
6490
12279
6493
16086
8177
12649
13957
8179
13955
13954
10749
13953
9567
9869
9868
10746
9861
9860
9863
9862
9865
9864
9867
9866
11146
11147
14424
6243
11142
11143
11140
11141
12275
11149
12277
13353
12276
15473
13816
13810
NULL
11838
11839
5388
11837
11834
11835
11551
11550
11553
11552
11555
10529
11556
11559
6967
11831
5971
13582
3396
10606
6969
6968
14992
13884
13516
10604
17884
16260
16261
5891
14997
6011
6010
6013
6012
6015
6014
6017
6016
6019
6018
8876
5470
10048
9262
9261
9260
9267
9266
9265
9264
10040
10737
9269
10735
10044
10733
10046
10731
12396
12397
12394
12395
12393
12390
9089
9088
9087
9086
9085
9084
9083
9082
9081
9080
3508
3509
5089
5088
5083
5082
3502
5080
5087
3505
3506
5084
2671
2670
2673
2675
2677
2679
2678
2928
2921
2920
2923
2922
2925
2924
2927
2926
5331
5330
5333
5332
5335
5334
5337
5336
5339
5338
14630
14636
13049
13040
13045
13047
13046
15076
18047
3178
2037
17814
3171
3170
17818
3172
3175
3174
3177
3176
20248
15071
1168
4396
25847
2785
4515
9235
12550
8553
12552
12805
8008
8009
12556
8555
8004
8005
8558
8559
8000
8001
8002
5257
1715
7469
7468
7463
7462
7461
7460
7467
5258
7465
7464
1718
16073
16076
16075
10898
2030
15820
10893
10892
10891
10890
10897
10896
3722
7030
4686
4687
4932
4685
4682
4935
4732
4733
4730
13600
4736
4737
13605
4735
2316
2317
4738
4739
5854
5855
5856
5857
5850
5851
5852
5853
4022
5858
5859
3773
3772
3771
3770
3777
4020
3775
3774
3779
3778
4655
4654
4657
4656
4651
4650
4653
4652
13598
4659
4658
2709
7889
7888
11768
16382
11762
7880
7883
7882
7885
7884
7887
7886
14336
14337
14332
14446
7037
10387
10386
10385
10384
10383
10382
10381
10380
10000
10389
10001
16926
7269
7268
7265
7264
7267
7266
7261
7260
7263
7262
6204
6205
6206
6207
6200
6201
12233
6203
15134
6208
6209
6808
6809
6806
6807
6804
6805
6802
15712
6800
6801
10563
9745
10561
10560
10567
9741
9742
10564
10569
10568
9748
9749
6110
8839
8838
3013
8835
8834
8837
8836
8831
8830
8833
8832
9227
7678
7679
7676
7677
7674
7675
7672
7673
7670
7671
9596
9223
7177
9590
9221
1759
9220
13333
11860
6150
11168
11169
12700
11164
11165
14406
11167
11160
12703
14402
11163
8765
8764
8767
8766
8761
8760
8763
8762
12705
8769
8768
13835
12707
8500
8503
8050
12708
8505
10240
8056
8055
5629
5628
5627
5626
5625
5624
5623
5622
5621
5620
8493
8492
8491
8490
8497
8496
8495
8494
8499
8498
10966
13875
5995
5994
5997
5996
5991
5990
5993
5992
11577
11575
13877
11573
5998
11571
10962
10960
12119
10247
4678
5666
11866
10244
10665
6781
6780
6783
6782
6785
6784
6787
6786
6789
6788
10245
10666
4676
4016
15379
2880
16712
12007
12004
12005
12000
12001
2888
9249
9248
2889
9539
9538
9537
9240
9243
9534
9245
9244
9247
9530
21601
3698
3699
3690
3691
3692
3693
3694
4672
3696
3697
12750
4671
5739
3526
3527
3524
3525
3522
3523
3520
3521
16492
3528
3529
2150
10714
10715
10717
10711
10712
2698
2697
2695
2694
10718
2692
2691
2690
14875
14874
14877
14871
14870
14657
14659
14658
14879
14878
13067
13066
13065
13063
13062
13060
2152
13069
17838
17837
10179
1072
16416
7199
7198
7193
7192
7191
7190
7197
7196
7195
7194
6402
4530
6400
8538
8539
8028
8029
12828
12829
2263
8530
12477
8532
8021
8534
8027
8024
6407
7441
7440
7443
7442
7445
7444
7447
7446
7449
7448
6405
14465
2767
2265
6408
8186
15768
2443
10420
15766
4282
4283
4280
4281
4286
13996
4284
4285
15762
4288
4289
10508
10170
12116
13556
10426
12117
4758
4759
10427
4750
4751
4752
4753
4754
4755
4756
4757
5872
5873
5870
11299
5876
5877
5874
5875
11292
11293
5878
5879
11296
11297
11294
11295
3759
3758
3751
3750
3753
3752
3755
3754
3757
3756
4633
4632
4631
4630
4637
4636
4635
4634
7590
4639
4638
11740
11742
11743
11744
11745
11746
11747
11748
11749
11370
13001
14730
4810
2701
13290
13291
13292
13295
13296
13297
4760
13652
6194
6195
6196
6197
6190
6191
6192
6193
13654
6198
6199
4764
2734
2735
2737
2730
2732
2738
2739
9186
9187
9184
9185
9182
9183
9180
9181
10365
10364
10367
10366
10361
10360
9188
9189
9410
7209
7208
9411
7203
7202
7201
7200
7207
7206
7205
7204
6222
6223
12211
6221
6226
6227
6224
6225
11612
6228
6229
9415
9416
10672
10638
9762
10637
9760
9761
9766
9767
9764
9765
10501
10500
9768
10502
10505
6372
10507
10506
18942
12125
6375
8859
8858
12127
13453
8853
8852
8851
8850
8857
8856
8855
8854
10141
10140
8604
10142
10413
10504
10144
5274
5275
5276
5277
5270
5271
5272
5273
14581
10146
5278
5279
10318
13451
11942
14136
14137
19025
11108
3038
3039
1556
1559
11103
11100
3037
3030
11107
11104
3033
8703
8702
8701
8700
8707
8706
8705
8704
15599
8709
8708
13852
13851
13856
13857
13854
5605
9322
5607
5606
5601
5600
5603
5602
5609
5608
9633
9634
9324
9637
16998
10683
6424
6425
6426
6427
12451
6421
6422
6423
6428
6429
10680
15059
6769
6768
6767
6766
6765
6764
6763
6762
6761
6760
9977
9976
9974
9973
9972
9971
9970
9979
9978
12024
12025
12020
12021
12022
12023
16222
12028
12029
10313
9855
11394
2509
2506
2505
2503
2502
5619
10316
5049
5048
5047
5046
5045
5044
5043
5042
5041
5040
9515
9514
9517
9516
9511
9510
9513
9512
10778
9519
9518
14853
14852
14857
11828
11825
11824
11827
14858
11821
11820
14671
14670
15317
13089
13088
13085
13084
13081
13080
13082
0
10058
3207
3206
3205
3204
15315
10057
3203
3202
10196
10197
10194
10195
10192
10193
10190
1996
10198
10199
5613
1629
2708
10055
15107
15103
7980
8040
8041
8514
12597
8044
8045
8046
12593
8048
8049
12598
12599
8518
8519
12848
12849
12843
12840
12841
12847
2520
15945
10157
13577
4776
4777
4774
13644
4772
4773
4770
4771
4778
4779
10446
5818
5819
14713
12515
5810
5811
5812
5813
5814
5815
5817
10354
12571
4619
4618
12512
4611
4610
4613
4612
4615
4614
4617
4616
7988
4883
8693
10358
10359
2702
10442
16691
16696
16699
10688
10689
3343
5452
2712
2713
2710
2711
2716
2717
2714
2715
5454
7965
3347
7221
7220
7223
10348
7225
7224
7951
7950
9164
9165
9166
10692
10347
9161
10345
10696
10681
6921
11770
10686
11987
16967
10687
6248
6249
9171
6240
6241
6242
9170
6244
6245
6246
6247
10527
10526
10525
10524
10523
10522
10521
10520
7927
10528
9708
9709
9700
4408
9702
9703
9704
9705
9706
9707
8871
8870
8873
8872
8875
8874
8877
6601
8879
8878
12633
12632
4405
12635
13317
8163
13316
12637
6977
11298
6974
13310
2631
12639
6975
13313
12638
6972
13312
6973
5252
5253
5250
5251
5256
8165
5254
5255
14190
5259
14196
14197
13940
12269
13941
15829
11120
11121
11122
11123
11124
11125
11126
11127
11128
11129
13947
9579
3018
12261
12266
3010
3011
3016
3017
3014
6377
8729
8728
8721
8720
8723
8722
8725
8724
8727
8726
4189
4188
4181
4180
4183
4182
4185
4184
4187
4186
5663
5662
5661
5660
5667
5948
5665
5664
5669
5668
14831
11801
11800
10330
17432
2741
12473
6403
12471
6401
6406
8188
6404
12474
8185
8184
8187
6409
8181
8180
8183
8182
7764
7765
7766
7767
7760
7761
7762
7763
7768
7769
3904
3905
3906
3907
3900
3901
3902
3903
3908
3909
6745
6744
6747
6746
6741
6740
6743
6742
6749
6748
4199
6903
10337
9716
9959
9958
9954
9957
9956
9951
9950
9952
16755
12041
12046
12047
12044
12045
3470
12048
12049
8889
2744
6230
2747
8880
8881
11633
3658
3659
3654
3655
3656
3657
3650
3651
3652
3653
2525
2524
2527
2526
2521
34798
11465
11464
11467
11466
11461
11460
11463
11469
11468
5065
5064
5067
5066
5061
5060
5063
5062
5069
5068
17154
13878
13319
4409
4404
13314
4406
4407
4400
4401
4402
4403
9573
9572
9571
9570
9577
9576
9575
9574
10750
10751
10752
9578
10754
10755
10756
10757
5393
5392
5391
5390
5397
5396
5395
5394
11803
11802
5399
5398
11807
11806
11805
11804
12825
20111
15042
3289
9397
9396
9395
9394
9393
9392
9391
9390
9399
9398
12820
17048
4382
15048
6592
10789
15128
12273
7159
7158
7157
7155
7154
7153
7152
7151
7150
8602
12861
12862
12864
12865
8068
8069
8066
8067
8064
8065
8062
8063
8060
8061
7485
7484
7487
7486
7481
7480
7483
7482
15925
7489
7488
2895
2896
2891
2890
2893
2892
12274
17699
6907
13591
1891
13136
1892
1893
4923
13590
13133
4922
3838
4921
4920
4798
4799
4794
4795
4796
4797
4790
4791
4792
4694
5836
5837
5834
5835
5832
4925
5830
11259
11254
4696
11252
11253
11250
11251
4699
13723
6904
13589
13725
6495
11784
11785
11786
11787
11780
11782
11783
11788
11789
6902
2669
6901
11710
6496
3004
3007
12788
17366
3006
12781
12780
12783
12784
12786
10321
2779
4899
10322
10325
10324
2728
10326
4893
4892
4891
4890
4897
2775
4895
2777
16947
9499
9148
9149
7979
7978
9142
9491
9492
9141
9494
9147
9144
9497
6266
6267
12255
6265
6262
6263
12251
6261
13233
12259
12258
2640
2641
9726
9727
9724
9725
9722
9723
9720
9721
9728
9729
4903
3466
3465
3464
3463
3462
8899
8898
8897
8896
8895
8894
8893
8892
3469
3468
4905
1739
5239
5230
5231
5232
5233
5234
5235
5236
5237
13126
13124
13122
15807
6909
15800
12854
11617
3070
1594
12768
3073
3074
3075
3076
3077
14314
3079
6908
14311
14801
12713
4906
12710
12711
12717
10331
11615
5649
5648
12491
5641
5640
5643
5642
5645
5644
5647
5646
12866
12867
12869
14804
13171
12493
6468
15378
6460
6461
6462
12412
6464
12414
6466
6467
7742
7743
7740
7741
7746
7747
7744
7745
7748
7749
3922
3923
3920
3921
3926
3927
3924
3925
3928
3929
12495
8307
8306
6721
8304
6727
6726
6725
8300
10299
6729
6728
8309
8308
4825
12494
12159
9939
9938
9933
9932
9931
9930
9937
9936
9935
9934
6099
6098
9078
6091
6090
6093
6092
12064
6094
12066
6096
12806
12496
12807
3678
3679
3672
3673
3670
3671
3676
3677
3674
3675
2543
2542
2540
2547
2546
2545
2544
2548
11443
11442
11441
11440
11447
11446
11445
11444
11449
11448
3580
5002
5001
5000
5007
3585
3586
5004
3588
3589
5009
5008
12594
17138
13958
17134
8747
13339
4429
4422
4423
4420
4421
4426
4427
4424
13334
9559
9558
3291
9551
9550
9553
9552
9555
9554
9557
9556
20133
12210
12590
13609
8934
8935
8936
8937
11865
8931
8932
8933
11869
8938
8939
15142
15141
15146
15149
7175
7174
8741
7176
7171
7170
7173
7172
7179
7178
15902
8740
1692
10246
8629
12888
12889
12886
12887
12884
12885
12882
12880
12881
12468
12469
14765
14769
15759
6415
12465
14643
12466
12467
12808
12461
4228
4229
4224
4225
4226
4227
4220
4221
4222
13932
5586
5587
5584
5585
5582
5583
5580
5581
5588
5589
11274
11275
11276
11277
11270
11271
11272
13683
13681
13680
11278
11279
13790
12310
2288
2284
2052
6453
6730
3238
2057
8315
8316
4826
6733
10901
10900
10903
4827
6734
4927
10909
4824
6735
9120
9121
9122
13446
9124
10658
10309
15536
9128
10306
10305
10656
10651
10650
10301
4531
7919
7918
4820
7913
7912
7911
7910
7917
7916
7915
7914
9403
6288
6289
7981
6284
6285
6286
6597
6280
12138
6282
6283
9400
7984
4793
7985
9405
11624
12132
12133
10018
4326
10622
5833
9408
3449
11258
3445
12136
3447
5831
3441
3440
3443
12137
2756
2757
2754
2755
12134
2750
6364
2758
2759
10152
11255
10153
10150
5216
5217
5214
10151
5212
5838
5210
5211
9331
14154
5839
5218
5219
10406
15514
10155
13108
13104
13105
13106
13107
13100
13101
13102
13103
14485
14480
14481
12319
9338
14378
3058
14806
3057
3054
3055
3052
14377
3050
3051
10013
9622
10011
15686
16764
6446
6915
6916
6445
6910
6443
12431
6913
6918
6919
6448
6449
6339
7728
7729
7720
7721
7722
7723
7724
7725
7726
7727
3948
3949
12079
3940
3941
3942
12078
3944
3945
3946
3947
6709
6708
8329
8328
12076
8325
6700
8327
8326
6705
6704
6707
6706
9911
9910
9913
9912
9915
9914
9917
9919
12073
12072
6080
10014
19212
4057
4056
4055
4054
4053
4052
4051
4050
13748
4058
3610
3611
3613
3614
3615
3616
3617
3618
3619
2560
2563
12170
2567
11429
3845
19433
11420
11422
11425
11424
11427
11426
5029
5028
10117
5021
12171
5023
5022
5025
5024
5027
5026
4440
13350
4442
4443
13355
4445
4446
13356
4448
4449
4490
3848
10466
10467
10464
10465
10462
10463
10460
7320
12609
10468
3237
13352
8912
8913
8910
8911
8916
8917
8914
8915
11847
8918
8919
11843
1614
11841
15169
5196
15162
3279
15166
3967
7113
7112
7111
7110
7117
7116
7115
7119
7118
12231
7933
3964
7290
12179
3826
7291
14747
14745
4100
14749
12232
7293
12956
4208
4209
13913
4203
4200
4201
4206
4207
4204
4205
5568
5569
5564
5565
5566
5567
5560
5561
5562
5563
15248
11212
11213
11210
11211
11216
11217
11214
11215
11218
11219
7296
14271
14270
7968
14277
14276
2778
7297
10320
10323
7969
4898
15247
10327
2770
2771
10404
2772
2773
4896
16638
10378
4894
9498
6118
6119
16946
6114
6115
12747
6117
12741
6111
6112
6113
10923
10922
10921
10920
10927
10926
10925
10924
10929
17323
16410
7283
7282
7281
7932
9458
7286
7937
7936
9106
9455
9456
9105
9102
9103
10675
9101
7975
9143
16451
16452
13839
9140
12299
7976
12293
9146
12297
12296
9495
7973
7972
12256
6264
12254
12253
12252
12622
3429
3428
17588
6260
12623
3423
3422
3421
3420
3427
12620
3425
3424
13306
4589
4588
4859
4858
4585
4856
4587
4586
4581
4580
4583
4582
14174
14176
4414
14172
14173
15904
4412
11988
6962
6268
11982
6965
6269
12628
11984
11985
12629
8158
13271
8159
10580
10583
13169
10585
10584
10587
10586
13162
13163
13160
13161
13166
8626
13164
13165
14350
11183
8155
11186
11187
11184
11185
8152
11188
11189
11539
8621
11538
8622
8623
11532
9412
12987
12986
12983
12982
12981
12989
12988
12090
1905
10729
12584
6932
6933
6930
6931
6936
6937
8129
6935
8695
8126
8125
8696
8123
8122
8121
8692
7706
7707
7704
7705
7702
7703
7700
7701
7708
7709
8349
8348
8343
8342
8341
8340
8347
8346
8345
8344
9587
4079
3461
4075
13765
3460
4071
4070
4073
4072
3966
5796
5795
5794
3962
5792
5791
5790
3968
5798
3638
3639
3636
3637
3634
3635
3632
3633
3630
3631
8891
6451
8890
11406
11405
11404
11403
11402
11401
11400
13331
11409
11408
7939
6450
7864
17466
17460
4468
4469
4466
4467
13375
4465
4462
4463
4460
4461
6452
6455
5185
15444
16849
6327
6326
6325
6324
12172
6322
6321
6320
6329
6328
9667
9666
9665
9664
9663
10449
10118
10119
10116
10445
10114
10115
10112
10113
10110
9668
14503
6456
8978
8979
15055
8970
8971
8972
8973
8974
8975
8976
8977
15057
6459
14508
7139
7138
7131
7130
7133
7132
7135
7134
7137
7136
14353
1658
5238
2839
2838
2837
2836
2835
2834
2832
2831
2830
3391
3390
5405
5404
5403
3394
3397
5400
3399
3398
5409
5408
9441
2487
4260
4261
4262
4263
4264
4265
4266
4267
4268
4269
1886
15532
5548
5549
5542
5543
5540
5541
5546
5547
5544
5545
8598
8599
8596
8597
8594
8595
8592
8593
8590
8591
18506
5890
11239
5892
5893
5894
5895
5896
5897
7942
11231
11235
11236
11237
4664
8447
13128
4665
5453
13129
9524
4914
15151
4667
4912
8443
4913
13573
4663
13393
9894
9895
9896
9897
9890
9891
9892
9893
9168
9898
9899
12835
13919
6138
22590
3071
6132
6133
12761
12760
6136
6137
12765
6135
10949
10948
13918
10941
10940
10943
10942
10945
10944
10947
10946
9205
9479
10063
9472
9473
9470
9471
9476
9207
9474
9475
10061
10229
9201
10067
9203
14310
10065
2248
2242
2243
5178
2657
3265
3400
3403
3402
3405
3404
3407
3406
3409
3408
4875
4874
4877
4876
4871
4870
4873
4872
4879
4878
10611
10610
2798
10612
10615
10614
10617
10616
13492
2793
2790
2797
13495
14112
14113
14116
14117
14114
14118
14119
13140
13143
13147
13149
9589
9780
9781
9783
9784
9785
9786
9787
9788
9789
9608
20348
12554
9402
14295
36478
9401
12969
6177
12964
12967
12966
12961
12960
12963
12962
7096
7097
7094
7095
7092
7093
7090
7091
7098
7099
12721
9407
12897
13915
8105
8104
8107
8106
8101
8100
8103
8102
12891
8109
8108
8074
6958
6959
6488
6489
8215
6950
6483
6952
6953
6486
9683
6484
6957
9682
8214
8361
8360
8363
8362
8365
8364
8367
8366
8369
8368
4277
10288
10289
3184
3185
3186
3187
3180
3181
3182
10287
3188
3189
12972
11397
11396
4019
4018
11393
4661
11390
13702
4012
4011
4010
4017
13707
4015
11398
5797
3988
3989
3984
3985
3986
3987
3980
3981
3982
3983
8156
8157
8053
6604
2481
2477
2476
2475
2473
2470
8548
2479
2478
7874
7875
7876
7877
7871
7872
7873
7878
7879
18553
16864
13397
13396
6309
6308
6305
6304
6307
6306
12150
6300
6303
6302
10134
10135
10137
10130
10131
10132
10133
10139
10428
10429
9648
9319
9318
9645
10423
9315
10421
9313
9312
10424
10425
8956
8957
8954
8955
8952
8953
8950
8951
8958
8959
11610
15744
3214
3215
3216
3217
3210
3211
3212
3213
3218
3219
8054
2740
3268
2814
2817
2816
2811
2810
2813
6469
2818
14707
14254
14253
14258
8541
5429
5428
3379
3378
3377
5424
5427
5426
5421
5420
5423
3370
12410
6463
4248
4249
4246
4247
4244
4245
4242
4243
4240
6465
5520
5521
5522
5523
5524
5525
5526
5527
5528
5529
12416
18132
8569
3574
14612
10111
6547
6546
6545
6544
6543
6542
6541
6540
4849
6549
6548
23990
19496
14293
7517
7516
7515
7514
7513
7512
7511
7510
18246
7519
7518
6356
14920
6354
12701
6151
6152
6153
6154
6155
6156
6157
6158
6159
3236
6353
10967
6723
10965
10964
10963
12101
10961
6722
6351
5035
10969
10968
4831
6720
4526
8303
4525
4846
12433
4832
8301
13452
6724
15522
16493
4834
15523
4521
6587
4836
8759
8305
6585
8209
8206
2268
2269
8755
11638
2260
2267
11639
6588
9438
5820
8202
8233
7994
11269
8751
11634
11268
8752
12430
8753
9434
4813
4812
4811
11637
2042
2043
4815
4814
8232
11630
4819
4818
11616
11263
11614
9413
9414
11613
10639
11611
9418
10636
10635
10634
8302
10632
10631
10630
14138
14139
11948
11949
11947
11944
11945
14134
9342
11940
11941
9343
9612
11081
9613
11080
8230
10169
9347
10167
5297
8237
5295
10161
10160
10093
10092
10091
10090
10097
3695
10095
10094
10099
10098
11070
13704
7284
8235
12949
12948
12943
12942
12946
7078
7074
7075
7076
7077
7070
7071
7072
7073
14394
14395
14390
14399
6976
8162
8161
12492
8167
8166
6970
8164
12499
12498
8169
8168
12595
15918
6978
6979
12068
12069
8389
8388
8387
8386
8385
8384
8383
8382
8381
8380
12060
8686
4389
4388
3325
4383
6095
4381
4380
4387
4386
4385
4384
6097
12067
8172
8815
4031
4030
4033
4032
4035
4034
4037
4036
4039
4038
8173
11379
11378
11375
11374
11376
9462
11373
11372
8174
11181
8811
14437
3582
11150
13737
13736
2454
2457
2451
2452
7852
7853
7850
7851
7856
7857
7854
7855
7858
7859
16809
16804
6369
6368
6363
6362
12130
6360
6367
6366
6365
12135
10400
9334
9337
10403
10156
10405
9333
10407
10408
10409
10158
10159
9339
9290
9629
9628
2749
9623
7333
9621
9620
9627
9626
9625
9624
7331
5496
14897
14895
7330
14893
1973
14094
1971
14098
3233
3230
3231
5199
5198
3234
3235
1964
5194
5197
3239
5191
5190
5193
5192
13265
13267
13266
13260
13262
13269
13268
2873
2871
2870
2877
2876
2875
2874
2879
2878
3355
3354
3357
3356
3351
3350
3353
3352
3359
3358
5449
5448
5443
5442
5441
5440
5447
5446
5445
5444
5508
5509
5506
5507
5504
5505
5502
5503
5500
5501
8578
15258
4533
5137
3320
6569
6568
5477
6565
6564
6567
6566
6561
6560
6563
6562
7687
7686
7685
7684
7683
7682
7681
7680
14268
12795
7689
7688
3827
10332
3825
3824
3823
3822
3821
3581
3327
9157
3829
3828
8444
8445
8446
9156
8441
8442
3329
9151
8448
8449
5006
10334
9152
7539
7538
7535
7534
7537
7536
7531
7530
7533
7532
14660
1945
9158
7405
6178
6179
6176
12726
6174
12724
6172
6173
6170
6171
10988
10984
10987
10986
10981
10980
10983
10982
6252
16953
6511
7900
9482
9481
2201
2202
2203
2207
9487
9486
11586
11587
11584
11585
11582
11583
11580
11581
9484
11588
11589
16051
4428
12243
17526
12244
12245
4839
4838
4529
4528
4527
4830
4833
4524
4835
4522
4837
4520
7993
7992
7991
7990
7997
7996
7995
9439
9436
9437
11636
7998
9432
9433
9430
9431
5298
5299
5296
13337
11523
5292
5293
5290
5291
13184
12617
13180
13181
13183
15937
14667
4425
13188
13189
12614
9230
12613
12612
6994
12611
6995
6621
6996
6997
6990
8144
8147
6993
7337
9293
7335
9291
9296
7332
9294
9295
9298
9299
7339
7338
11964
11966
11967
11960
11961
11963
11968
11969
12921
12920
12923
12922
12925
12927
12926
12929
12928
10215
10214
10217
10216
10211
10210
10213
10212
10219
10218
7058
7059
7052
7053
7050
7051
7056
7057
7054
7055
8515
9480
9026
8149
8148
6998
6999
8639
8638
8141
8636
8143
8634
8145
6991
8631
8146
9021
2998
2990
2991
2992
2994
2995
2996
2997
9999
9998
9023
15917
9991
9990
9993
9992
9995
9994
9997
9996
11036
11037
11035
11032
11033
11030
11031
11038
14519
6413
11359
11358
11353
11352
11350
11357
11356
11355
11354
6412
7232
7233
13625
13624
13627
15234
13621
2336
13820
2337
6699
6698
6693
6692
6691
6690
6697
6696
6695
6694
2439
2438
2430
2435
2434
7838
7839
16354
16826
7830
7831
7832
7833
7834
7835
7836
7837
6341
6340
6343
6342
6345
6344
6347
6346
6349
6348
9254
10178
9600
9351
9350
9605
9356
9607
9606
9609
10171
9359
9358
10174
10175
10176
10177
5485
14512
3782
3783
3780
3781
3786
3787
3784
3785
8992
8993
8990
8991
8996
8997
8994
8995
4996
4997
4994
4995
4992
4993
4990
4991
4998
4999
15025
14079
14518
14074
10550
15026
14070
14072
3258
3259
3250
3251
3252
3253
3254
3255
3256
3257
13243
13242
13246
13245
13248
2859
2858
2851
2850
2853
2852
2855
2854
2857
2856
14219
3332
3331
5462
5465
5464
5467
5466
14211
5468
3339
3338
14215
9644
12519
5224
9646
4078
11863
11862
8930
11864
9641
11867
14810
1239
8286
8287
8284
8285
8282
8283
8280
8281
12627
8288
8289
6509
6508
2488
10096
6503
6502
6501
6500
6507
6506
15034
6504
4677
13567
4675
9643
4674
3809
3808
3805
13562
3807
3806
3801
3800
3803
3802
8462
8463
8460
8461
8466
8467
8464
8465
15085
8469
9642
14121
7559
7558
7553
7552
7551
7550
7557
7556
7555
7554
16108
11176
4174
4175
4176
4177
4170
4171
4172
4173
4178
4179
3060
7395
7394
7397
7396
14360
9274
9275
4731
7393
2226
2227
7392
8112
1
5925
5926
5927
5920
5921
5922
5923
5928
5929
10054
10053
8113
7398
4505
4504
4507
4506
4501
4500
4503
4502
4509
4508
2088
2089
2083
15416
2086
2084
11659
11650
11651
11656
11657
11654
11655
17767
8111
15411
12738
7319
7318
12739
7315
7314
7317
7316
7311
7310
7313
7312
12305
12304
11900
12306
12301
11904
11905
11908
11909
12309
12308
12907
15624
12903
12901
9014
10232
10231
7033
7034
7035
7036
10234
7038
7039
10239
10238
9018
9019
9137
6164
12736
13468
9136
15483
15480
15487
15486
7788
7789
7786
7787
7784
7785
7782
7783
7780
7781
6430
14684
14685
14680
14689
1005
4349
4348
4347
4346
4345
4344
4343
4342
4341
4340
11018
11019
11014
15072
11016
11017
14530
11011
11012
11013
8615
8614
8617
8616
8611
8610
8613
8612
17883
8619
8618
8014
11331
11330
11333
11332
6847
11337
11339
11338
19769
5719
5718
5717
5716
5715
5714
5713
5712
5711
5710
8012
3305
5438
7045
11489
11488
11487
11486
11485
11484
11483
11482
11481
11480
11039
12472
7244
16594
12680
12681
12682
12683
12684
12685
12686
12687
12688
12689
10826
10827
10824
10825
10822
10823
10820
10821
5092
10828
7816
7817
7815
7812
7813
7810
7811
5094
7818
7819
5096
16376
3572
4497
2667
7044
9588
4495
2665
12476
4493
13383
9379
9378
4491
9370
9373
9372
9375
9374
9377
9376
2214
1820
2411
2410
2144
4978
4979
9279
2416
4974
4975
4976
4977
4970
4971
4972
4973
6820
15730
3276
3277
3274
3275
3272
3273
3270
3271
14052
14051
14050
14057
13613
3278
15734
9335
13930
13229
2936
13221
13220
13223
13222
13224
13227
13226
14237
14233
14943
14230
14949
6479
14238
3319
12409
5489
5488
3311
3310
3313
5484
5483
5482
3317
5480
12402
12403
5322
9336
12400
11899
12177
12406
15367
11894
6475
11892
9330
11893
1217
6521
6520
6523
15013
6525
6524
6527
15017
6529
6528
8266
8267
8260
8261
8262
8263
9332
3869
3868
3863
3862
3861
3860
3867
3866
3865
3864
8408
8409
8400
8401
8402
8403
8404
8405
8406
8407
7571
7570
7573
7572
9818
9819
7577
7576
9814
9815
9817
9810
9811
9812
9813
14934
16359
8812
12110
14936
4519
15434
12114
3932
12115
4152
4153
4150
4151
4156
4157
4154
4155
9740
26462
4158
4159
12118
13462
4511
8334
8218
13467
8335
4517
15432
13464
15723
8338
15385
11649
8339
11648
8748
5902
5903
5900
5901
5906
5907
5904
8210
16169
5908
5909
8745
15386
3489
3488
8212
17564
17565
3481
3480
3483
3482
3485
3484
3487
3486
4563
11641
4561
4560
4567
13417
4565
9420
4569
15080
11670
11672
11673
11674
11675
11676
11677
11678
9425
11644
9426
1991
9601
9352
9603
4059
9602
9357
9604
16784
9354
6064
6065
6066
6067
6060
6061
6062
6063
6068
6069
2604
10173
2601
2602
2603
10783
10782
10781
10780
10787
10786
10785
10784
10035
10034
10037
10036
10031
10033
7379
7378
7373
7372
7371
7370
7377
7376
7375
7374
11928
12322
12321
12320
12327
12326
12325
12324
11920
11921
11922
11923
11925
11926
11927
10259
9033
9030
9031
9036
9037
9034
7019
10251
7017
10253
9039
7012
7013
10257
10256
15556
18699
9154
13775
8998
13774
3322
8999
2958
2954
2955
2956
2957
15439
2951
2952
1802
5344
5345
5346
5347
5340
5341
5342
5343
1800
5348
5349
3323
10328
3788
4365
4364
4367
4366
4361
4360
4363
4362
4369
4368
3324
11078
11079
3108
3109
3104
3105
3106
11071
3100
11077
11074
11075
8673
8672
8671
8670
8677
8676
8675
15970
8679
8678
15979
4093
13783
4091
4090
4097
4096
4095
4094
4099
4098
5735
5734
5737
5736
5731
5730
11319
5732
11317
13751
11315
11314
11313
5738
11310
13758
12525
8096
12527
8094
8093
8092
15203
8090
15209
15208
8099
8098
6659
6658
6657
6656
12664
6654
12662
6652
6651
12661
10809
10805
10806
10807
10800
10801
10802
10803
2125
6385
6384
6387
6386
6381
6380
6383
6382
6389
6388
2381
21176
2387
9353
21202
7306
9288
1849
10286
1942
4958
4959
2168
4952
4953
4950
4951
4956
4957
4954
4955
14031
9286
14034
12718
14039
17045
12450
3298
3299
5139
5138
3294
5136
5135
5134
5133
5132
3292
5130
2128
13200
13209
18427
14963
14962
14967
14965
14786
14785
14968
14782
8567
8566
8565
12065
12544
8563
12810
8561
8560
6891
6890
6893
6892
6895
6894
6897
6896
6899
6898
10904
12549
12548
10902
8798
8799
8248
8249
3008
8790
8243
8792
8793
8246
8247
8244
8797
3333
5460
10204
10908
10205
10202
6143
10203
8426
8427
8424
8425
8422
10200
8420
8421
10201
8428
8429
5469
14210
10659
9125
9838
9839
5038
7599
7598
9832
9833
7595
7594
7593
7592
7591
9835
10655
9129
5034
10304
10303
10883
10653
10652
4138
4139
4130
4131
4132
4133
4134
4135
4136
4137
3841
3840
3843
3842
5696
3844
5694
3846
3849
4431
5698
5699
13323
3368
5461
13328
6145
17127
5968
5969
16148
5960
5961
5962
5963
5964
5965
5966
5967
4549
4548
4541
4540
4543
4542
13434
4544
4547
4546
11698
11699
11696
11697
11694
11695
11692
11693
11690
11554
2595
2596
6287
2590
2591
2592
2598
6281
6631
12601
12602
12603
17137
12604
12605
6042
6043
6040
6041
6046
6047
6044
6045
6048
6049
6985
2623
2620
8601
2627
8606
2629
6982
7351
7350
9580
9581
7355
7354
9584
9585
9234
7358
9236
8605
10017
10016
9232
9233
12348
8204
12341
13754
12343
12344
12347
12346
10277
10276
10275
10274
10273
10272
10271
10270
10279
10278
9058
9059
7336
9050
9051
9052
9053
9054
9055
9056
9057
13756
9016
7334
2978
2979
2972
2973
2970
2971
2977
2974
5362
5363
5360
5361
5366
5367
5364
5365
5368
5369
5093
10230
4303
4302
4301
4300
14163
4306
4304
4309
4308
14570
14571
11052
11053
11054
11055
12607
11057
11058
18019
3128
3129
3122
3123
3120
3121
3126
3127
3124
3125
8659
8658
6116
8651
8650
8653
8652
8655
8654
8657
8656
12542
9317
5753
5752
5751
5750
5757
5756
5755
5754
5759
5758
3448
15190
9316
9131
3444
12445
3446
3442
12178
15223
15222
15227
12506
12505
12504
12509
7434
7436
7437
7430
7431
7432
7433
7438
7439
13634
6675
6674
6677
12647
6671
6670
6673
6672
4703
16081
6679
6678
13633
2324
10868
10869
10862
10863
10860
10861
10866
10867
10864
10865
16883
21046
16333
16336
16338
13638
13639
9310
2365
2364
2361
2360
15038
3728
3729
3724
3725
3726
3727
3720
3721
17689
3723
4930
4931
4684
4933
4934
4683
4680
4937
4938
4939
4688
4689
11735
11734
11737
11736
11731
11730
11733
11732
11739
11738
5213
5115
5114
5117
5116
5111
5110
5113
5112
14017
5119
5118
15037
6505
17065
20790
14155
4564
13552
10488
10489
10480
10481
10482
10483
10484
10485
10486
14908
897
14903
14905
14907
1785
6879
6878
6877
6876
6875
6874
6873
6872
6871
6870
8927
11873
8925
11871
3804
11876
11877
8220
8221
8222
8223
8224
8225
8226
8227
8228
8229
13559
15502
15503
15500
15507
15504
16037
7609
7608
7607
7606
7605
7604
7603
7602
7601
7600
4643
9179
2492
4444
2495
2494
9850
9852
9853
9854
13555
9856
9857
9858
9859
8468
1254
1521
9177
4116
4117
4114
4115
4112
4113
4110
4111
7894
4118
4119
7892
7893
11776
9263
7106
10049
36859
3056
5946
5947
5944
5945
5942
5943
5940
5941
11506
11507
11504
11505
11502
11503
11500
5949
10736
14374
10041
10042
10043
10732
10045
10730
10047
6120
3344
9238
3345
10759
12626
14448
6028
6029
17217
6020
6021
6022
6023
6024
6025
6026
6027
10071
10070
10073
10072
10075
10074
10077
10076
10079
10078
2643
2645
2646
2647
9218
9219
9212
9213
9210
9211
9216
9217
9214
9215
12366
12365
12363
12362
12361
12360
12369
9076
9077
9074
5410
9072
10298
9070
9071
10295
10294
10297
10296
10291
10290
10293
10292
10678
3557
3556
3555
3554
3553
3552
3551
3550
3559
3558
2910
2911
2913
2914
2916
2917
2918
2919
9237
13881
13666
5308
5309
5300
5301
5302
5303
5304
5305
5306
5307
13016
13015
14639
13011
6956
13018
4329
4328
9231
4321
4320
4323
4322
4325
4324
4327
13888
3140
3141
3142
3144
3145
3146
3147
3148
3149
14594
18072
14593
12702
5779
5778
10753
5771
5770
5773
5772
5775
5774
5777
5776
10671
11952
10670
12569
12568
12561
12560
12563
15242
12565
12564
12567
12566
7412
7413
7410
7411
7416
7417
7414
7415
7418
7419
7273
6613
6612
6611
6610
6617
6616
6615
6614
6619
6618
10840
10841
10842
10843
10844
10845
10846
10847
10849
3500
12423
5081
3503
10674
3504
9011
19520
13968
5086
12198
12199
5085
12190
12191
12192
3507
2340
2342
2349
10738
15341
12697
12696
10739
3708
3709
3702
3703
3700
3701
3706
3707
3704
3705
7001
6914
2123
4668
13578
4918
4919
4916
4917
4666
4915
4660
15427
4910
4911
11713
11712
11711
12434
11716
11715
11714
6442
11718
7000
6911
5173
5172
5171
5170
5177
5176
5175
5174
5179
6441
15893
2220
13927
15894
6836
5924
13925
10493
13923
9689
9688
12439
9681
9680
7002
12438
9685
9684
9687
9686
16011
7254
7255
7256
7257
7250
7251
7252
7253
7258
7259
14638
7004
6855
6854
6857
6856
6851
6850
6853
6852
16013
10551
6859
6858
14632
13430
9191
16012
8804
8805
8806
8807
8800
8801
8802
8803
14299
14298
8808
8809
14929
6583
6582
6581
6580
8758
6586
8208
6584
8754
8207
8756
8757
8750
8203
8200
8201
7625
7624
7627
7626
7621
7620
7623
7622
7629
7628
9193
13476
15266
9192
9878
9876
9877
9874
9875
9872
9873
9870
9871
11155
11154
11157
11156
11151
14430
11153
11152
11159
11158
1500
3089
3088
651
3085
3084
3087
3086
3081
3083
3082
3943
15263
13808
11850
13805
13806
13800
13803
3885
3884
3887
3886
3881
3880
3883
3889
3888
9196
2484
11524
11525
11527
11521
11522
8324
6703
6702
8321
8320
8323
1882
8322
10533
3366
11855
9918
3960
16274
16270
16272
3173
6006
6007
6004
6005
6002
6003
6000
6001
6008
6009
9270
9271
9272
9273
7391
7390
9276
9277
10725
10056
10727
10726
7399
10052
10051
10722
6992
12389
12388
12385
12384
12387
12380
12383
12382
9098
9099
9094
9095
9096
9097
9090
9091
9092
9093
11609
15268
5098
5099
3579
3578
5090
5091
3577
3576
3571
5095
3573
5097
13386
4496
13384
4494
2662
4492
2660
2661
4499
4498
2938
2939
11836
2937
2934
2935
2932
2933
2930
2931
5326
5327
5324
5325
11898
5323
5320
5321
13327
11896
11897
11890
11891
5328
5329
13038
13039
13320
13035
13036
13037
13033
11094
11095
11096
11097
11090
11091
11092
11099
17802
3168
3169
3166
3167
3164
3165
3162
3163
3160
3161
2407
4982
2402
2400
13747
11262
13742
13743
13740
11830
12815
12814
12817
8564
12543
8562
12541
12812
15004
13749
12819
12818
15269
8568
10654
7478
7479
15003
7470
7471
7472
7473
7474
7475
7476
7477
16518
11173
12104
16047
10657
11266
16516
6639
6638
12600
6630
6633
6632
6635
6634
6637
6636
3283
11178
7021
19543
8192
2323
4706
4705
4704
13632
4702
4701
4700
1959
2329
4709
4708
3760
3761
3762
3763
3764
3765
3766
3767
3768
3769
8190
11509
1616
17397
2499
4648
4649
4642
8191
4640
4641
4646
4647
4644
4645
11779
11778
7898
7899
7896
7897
11773
7895
11775
11774
7890
7891
5159
5158
5151
5150
5153
5152
5155
5154
5157
5156
12894
11902
12307
11901
11906
14461
11938
7272
8552
7270
7271
7276
7277
7274
7275
7278
8550
12553
8556
12555
6833
6832
6831
6830
6837
8554
6835
6834
6839
6838
10556
12558
10555
10552
10553
7028
12559
8006
10558
10559
8007
13546
8822
8823
8820
8821
8826
8827
8824
8825
8828
8003
18264
15098
8778
8779
13547
8772
8773
8770
8771
8776
8777
8774
8775
7643
7642
7641
7640
7647
7646
7645
7644
7649
7648
5639
10233
7031
7032
9017
5498
10236
13541
7926
9012
10319
9013
7292
5494
7925
3307
7922
3304
7923
14413
11172
11171
11170
11177
7920
11175
14414
5490
11179
9134
3303
7298
5492
10647
3301
9139
10411
10645
10314
8487
10315
10640
10641
13826
13825
5638
3385
4441
5634
5635
5636
5637
5630
5631
5632
5633
8480
8481
8482
8483
8484
8485
8486
11874
8488
8489
