13357
4447
11542
11543
11540
11541
11546
11547
11544
11545
8090
11548
11549
5988
5989
5982
5983
6973
5981
5986
5987
5984
5985
15267
6343
18516
16641
14547
16074
6796
6797
6794
6795
6792
6793
6971
6791
6798
6799
2557
16253
16252
16251
15368
16257
16708
19975
16705
16707
16258
16703
12019
12018
12015
12014
12017
12016
12011
12010
12013
12012
17258
15482
17251
17253
17255
17256
10709
10708
9528
9529
9258
9259
9256
9525
9254
9255
9252
9521
9250
9251
15957
20806
15956
5980
19394
6415
19390
14729
3513
3516
11952
14624
14625
14626
14627
14620
14621
15362
14629
18334
6267
4527
13058
13052
13053
13050
13051
13056
13057
13054
13055
18702
18706
18709
25060
17829
17827
17824
15361
20253
4524
10693
15366
12592
4523
7188
4522
7180
7181
7182
7183
7184
7185
7186
7187
7354
12833
12832
12831
12830
8549
12836
8019
8018
8545
8544
12839
8014
8541
8540
8543
8542
7456
7457
7454
7455
7452
7453
7450
7451
7458
6079
4520
4848
4849
4733
13601
10884
10885
10886
10887
10880
10881
10882
10883
13607
10888
10889
13606
8291
4599
4734
6537
4840
13604
15005
13442
6535
6532
12876
6533
4739
6530
8296
12875
4729
13619
4725
4724
13616
4726
13610
13611
4723
4722
11289
5846
5845
5844
16060
16061
16062
16063
11281
11280
11283
11282
11285
11284
11287
11286
17622
17625
17624
3748
18559
3744
3742
3743
3741
4620
13530
4622
13532
13534
13537
4627
13539
13538
14539
11757
11756
11755
11754
11753
11752
11751
11750
5203
11759
11758
16392
11014
16390
16391
12872
16397
14535
16398
16399
11016
14537
20883
11910
17655
16064
14531
5209
12871
11012
13289
5208
13287
13286
13285
11013
13283
13282
13281
13280
8615
11992
3775
17888
11994
12870
15247
10513
11997
14164
6936
10390
10391
10392
10393
10394
10395
10396
10397
10398
6807
10259
7218
7219
16935
16932
16933
16930
16931
7210
7211
7212
7213
7214
4657
7216
7217
12226
6216
12224
12225
12222
12223
6211
6210
16709
10258
12228
6218
6819
15709
16255
15878
15879
6811
15701
15702
15875
6815
15705
6817
6816
9757
9756
9755
9754
9753
9752
9751
9750
10574
10575
10576
10577
10570
10571
9759
9758
18538
16706
24140
17386
10517
18009
13549
8848
8849
8840
8841
8842
8843
8844
8845
8846
8847
16086
11849
17066
18829
7669
7668
18827
7661
7660
7663
7662
7665
7664
7667
7666
11844
11841
14402
13176
5228
18310
11190
8802
18644
14344
18314
14342
11119
11118
14341
11111
11110
14473
11112
11115
11114
11117
14476
8710
8711
8712
8713
8714
8715
8716
8717
8719
16384
13841
13840
13842
13845
13844
13847
13846
13849
13848
11762
7880
18649
7883
5618
7882
5612
7885
5611
5616
5617
5614
11767
7887
3952
11765
17031
12661
11568
11569
23263
12748
11560
11561
11562
11563
11564
11565
11567
19030
4669
3044
9524
9257
14529
9526
9527
9520
9253
9522
14528
10704
16196
16945
6778
6779
6774
6775
6776
6770
6771
6772
6773
9964
9965
9966
9967
9960
9961
9962
9963
9968
9969
16729
16728
2793
16230
19912
16727
16726
16724
12039
12038
12033
12032
12031
12030
12037
12036
12035
12034
16191
9508
9509
16250
9502
9503
9500
9501
9506
9507
9504
9505
16741
16192
4667
3688
19094
3682
3681
3680
3685
4660
16256
19095
22812
3532
3535
5059
3536
5054
5055
5056
5057
5050
5051
5052
5053
19096
6372
8747
13423
22523
10761
10760
10763
10762
10765
10764
10767
10766
10769
10768
14866
13896
18891
14865
14862
14647
14860
14861
18545
18544
14648
14649
14868
14869
4164
4663
13892
3587
4162
13070
13071
13072
13073
13074
13075
13076
13077
13078
13079
10348
6980
18090
18764
18095
18766
20274
16259
13899
10185
10184
10187
10186
10181
10180
10183
10182
10189
10188
14012
13595
4973
10043
15115
15114
15117
15116
15111
15110
15113
14744
12107
31744
6671
8035
8034
8037
8036
8031
8030
8033
8032
8039
8038
12859
12858
12589
8528
15694
12583
12850
8521
8520
12587
8526
8525
12856
8536
17473
10431
22655
6938
2798
26542
10430
7269
18342
8113
13988
13989
13984
13985
13986
4296
4291
4290
4293
13983
13565
10168
16929
19768
6204
4749
7994
17299
12234
4743
13673
4741
13671
13676
13677
13674
13675
16002
6207
5869
5868
19765
5865
12231
5867
16009
5861
5863
5862
6202
17607
17354
12232
17603
17602
17601
10434
13519
4609
4606
4607
4604
4605
13513
13512
13511
4601
15436
14010
6906
15840
6208
15434
10437
12238
12423
9292
19586
15344
6952
8687
8684
7583
20715
15347
6459
12429
6953
7998
8136
8137
6808
16115
15718
5935
6187
6186
6184
6183
6909
6181
6180
16110
15439
15715
6189
6188
15714
14423
15713
5930
6803
7236
7237
7234
7947
7940
7941
7942
9196
10376
9198
10374
10375
10372
10373
7238
10371
10563
16918
16919
10562
16914
16916
16917
16910
9746
16912
16913
9747
12208
6238
12204
9740
6237
6236
12200
12201
6233
12203
14421
10565
6360
9743
10518
10519
9779
9778
9775
9774
9777
9776
10516
9770
10514
9772
8866
8867
14983
8865
8862
8863
8860
8861
21405
17576
8868
8869
18024
19514
10232
14189
5266
5265
5264
5263
5262
5261
5260
14181
14180
14183
14182
14185
4572
5269
14186
15854
15855
15857
15850
15851
10231
15853
13405
15858
15859
13404
13443
17884
17442
13406
31317
14325
14324
14327
14326
11133
11132
14323
14322
14329
14328
14459
11138
17980
17981
17982
17984
17988
3026
3024
3023
15582
15583
15580
15581
15586
15587
8738
15585
8736
8737
8734
8735
8732
8733
8730
10573
13869
13868
13867
4197
13865
4195
13863
4190
13860
5671
5672
5673
5674
5675
5676
5678
5679
6240
11640
15042
6241
4687
11668
6437
12447
8190
12445
12442
8197
12440
12441
8198
8199
11642
12448
12449
17448
6243
4685
17055
6758
6759
6737
6752
6753
6750
6751
6756
13206
6754
6755
9942
19047
9940
9941
9946
9947
9944
9945
9948
9949
10692
16216
16743
19246
16745
16212
16747
16749
16748
15045
10307
16218
12051
12050
12053
12052
12055
12054
12057
12056
12059
12058
4680
10306
18029
10694
21652
14679
10697
8682
19310
14508
2533
12851
17167
17164
5079
17162
17163
17160
17161
5072
5073
5077
5074
5075
15327
9560
9561
9562
9564
9565
10749
9567
9568
10746
10745
10744
10743
10742
10741
10740
14668
5381
18569
5383
5384
5385
11838
5387
14660
14845
14846
14663
14840
11833
11830
11831
14831
18286
13098
13099
13096
13097
13094
13095
13092
13093
13091
12855
15322
18633
4688
12263
9862
9384
9385
9386
9387
9380
9381
9382
9383
10065
9388
9389
14832
2143
12857
7567
15139
15138
10790
15132
15131
15130
15137
15136
15135
15134
7148
7149
7144
7145
7146
7147
7140
7141
7142
7143
18744
10791
18741
13584
8053
8052
8503
8050
8505
8504
8055
8054
8509
8508
8059
8058
12879
12878
18280
13585
7498
7499
7492
7493
7490
7491
7496
7497
7494
7495
11998
15955
15205
12265
14409
30194
14404
7561
14411
14406
3310
11167
14400
14401
13650
13651
13652
13653
13654
13655
4767
13657
13658
13659
11249
11248
11245
11244
11247
11246
11241
11240
11243
11242
16028
16029
5809
5808
5803
5802
16022
16023
5807
16025
16026
16027
7368
17373
17370
17376
14976
17374
15300
15329
11799
11798
11793
11792
11791
11790
11797
11796
11795
11794
3124
16187
15203
16638
13835
15383
11709
11990
16688
16684
16685
16687
16682
16683
4888
10355
10356
10357
10350
10351
10352
10353
4880
4882
2706
10358
10359
4886
4887
7962
7963
10688
7961
7966
7967
9179
9178
9177
10683
10680
9174
10686
10687
10684
9170
18403
14973
16972
16971
16976
18405
12745
17083
12269
17084
6115
6253
6252
12260
6250
6257
6256
12264
6254
10530
10531
10532
12746
10534
10535
10536
10537
10538
12741
12834
14947
6111
8017
9719
9718
6112
8016
9713
9712
9711
9710
9717
9716
9715
9714
22997
17328
8546
8888
8889
17329
8884
8013
8886
8887
8880
8881
8882
8883
12910
15283
4248
12911
8010
15632
11623
12914
19999
6805
12917
10929
7023
5249
5248
9006
5244
5247
5241
9005
15832
15833
13137
9004
13131
13130
13133
9003
15838
15839
13139
13138
7026
7283
5624
9001
7930
9000
7933
14303
14302
3007
14300
3001
14306
14305
14304
7287
14309
18357
3009
10226
18352
7934
20335
6300
10227
9108
12482
9109
12129
17961
9454
10222
9107
9008
17508
10671
7288
10677
9451
6801
5828
5658
5659
5656
5654
5655
5652
5653
5651
13342
13343
4242
17899
4450
4457
4830
20022
4454
18593
11624
13948
9457
16453
4458
12468
15309
15304
6414
6417
6416
6411
15301
6413
15303
7777
7776
7775
7774
7773
7772
7771
7770
16984
7779
7778
3916
3914
3913
19482
3911
3910
3919
3918
8314
8315
6732
6733
8310
8311
8312
8313
6738
6739
8319
11629
13167
15990
9928
9929
12292
9920
9921
9922
9923
9924
9925
9926
9927
8685
11579
16769
19269
11578
16763
15066
16761
4837
12079
6089
12077
12076
6084
12074
12073
6083
6080
6081
5999
17178
11572
14945
12120
14932
3284
12488
3649
3647
3646
3644
14933
12837
11476
11477
11474
11475
11472
11473
11470
11471
11478
11479
5010
5011
5012
5013
5014
5015
5016
5017
5018
5019
4752
6723
17148
17149
17419
17416
17146
17140
17410
17411
7792
4953
13308
4418
4417
13307
13304
13305
13302
4412
13300
4410
10644
9548
9549
9546
9547
9544
9545
9542
9543
9540
9541
14936
14828
14829
5567
14822
14823
14820
14821
14826
14827
14824
14825
6434
20105
12126
3460
5948
4086
11814
18500
11816
11817
11810
11811
11812
11813
11818
11819
12838
15150
15153
15152
15159
15158
7168
7169
7162
7163
7160
7161
7166
7167
7164
7165
14337
8079
8078
12899
12898
8071
12894
12897
8072
8075
8074
8077
12892
14858
12206
22010
16066
6334
12904
12283
6335
12167
12207
6337
6330
14954
9130
12160
6332
17173
12162
22615
22340
22341
4585
3995
6049
4856
13618
4587
12902
6521
8635
15011
12169
6523
4852
13614
15545
4583
13615
15014
4850
4727
8269
13617
6527
6914
4721
15017
8264
13612
4789
4788
4787
4786
4785
4784
4783
4780
5821
5820
5823
11268
5825
19011
10089
11288
5829
11262
11261
11260
11267
11266
11265
11264
16067
5843
8263
5842
7914
14549
5841
5840
19743
14179
25342
10453
6917
10452
16068
19744
6820
10451
16069
11061
9677
5849
14540
10109
5848
9671
14542
9672
11065
9673
14544
17425
6326
11983
11066
10107
6911
14335
10458
15495
9678
17898
10100
17311
17310
12798
17312
17319
12793
12790
12791
12796
12797
12794
15491
9155
9154
10330
9156
10336
9150
9153
9152
12329
10338
8667
9159
9158
2765
7908
7909
9489
16405
16954
16403
16956
16401
7900
7901
9481
9480
9487
7905
9485
7907
12240
12241
12242
12243
12244
12245
6277
6276
12248
12249
13533
17897
4623
7956
4625
9731
9730
9733
9732
9735
9734
9737
9736
9739
9738
13793
16244
4629
3453
16715
22979
3457
6430
6321
13168
13799
13169
16710
14332
10589
14149
14148
10588
14145
14144
14147
14146
6828
8907
14143
14142
8906
11854
5221
5220
5227
5226
5224
13113
13112
13111
13110
13117
13116
13115
13114
15810
15811
13119
15813
15814
15816
15817
14350
14351
5107
14352
17944
14368
14499
17947
17940
17941
17942
3064
14361
15490
18330
14362
14497
14364
14367
14355
11184
16393
14357
11057
18679
5728
4268
9819
4816
6206
4269
9814
9815
19135
8557
11601
8325
6329
12408
15369
12402
12403
6471
12401
12406
12407
12404
12405
9537
7759
7758
7755
6328
7757
7756
7751
7750
7753
7752
9534
3939
3938
14812
9245
3937
19461
3930
19463
3932
8332
8333
8330
8331
8336
8337
8334
6719
6716
6714
8339
6712
6713
6710
6711
9906
9907
9904
9905
9902
9903
9900
9901
4580
9908
9909
14810
13288
6488
19206
13545
15973
13754
13757
13756
4040
13750
13753
13752
13759
15972
3665
3664
3667
3661
3660
21831
21832
3669
8758
13966
2574
12814
8759
11458
11454
11455
11456
11457
11450
11451
11452
11453
17434
17435
3591
17437
17430
3596
3595
17433
5036
5034
5035
5032
5033
12817
5031
13324
13325
13326
17129
4431
13321
4433
13323
17120
17121
4439
17127
17124
17125
21281
14389
20124
8141
20127
14388
6483
12227
15953
12813
10475
10474
10477
10476
10471
10470
10473
10472
10479
10478
8757
8927
14801
11870
11871
8923
8922
11874
11875
14808
14809
11878
11879
8929
8928
13482
15179
15178
15177
15175
15174
15173
15172
15170
15917
7101
7979
7103
7104
7105
7106
7107
7108
7109
14759
5413
12220
14757
14750
16941
5419
6485
14753
14776
6234
14774
14775
14772
14773
14770
14771
15910
14779
1469
16936
16937
15913
4239
13929
7286
4236
4235
13925
13922
13923
13920
13921
5590
5593
5592
5594
5597
5599
5598
13694
13695
13696
13697
13690
13691
13692
13905
5806
13699
7215
11201
11200
11203
11202
11205
11204
11207
11206
11209
11208
19799
4210
6217
19071
7976
4213
5805
13903
6215
6214
6213
22368
6212
7971
5804
12221
8516
4218
12679
6932
15402
2693
8517
15401
7289
6644
6219
6645
8699
12229
12677
7973
6937
14875
12676
8129
6818
6640
6935
14877
6641
8695
14876
12673
8126
14871
6643
16948
8697
16161
6912
6939
14873
8515
8123
5900
8122
10916
15876
10914
10915
10912
10913
10910
10911
16165
8692
17333
6813
10918
10919
9133
10319
7924
7925
10342
9136
9135
7921
10310
10311
10312
10313
10314
10315
10316
10641
16428
15706
16424
16425
15871
16420
16421
16422
16423
5579
6298
6297
6296
6295
6294
6293
6292
6291
6290
20809
20808
20807
10578
19318
10579
17562
13648
4672
8011
10347
3438
3439
4936
17595
17594
3430
17599
17598
3434
4592
4593
4590
4596
10572
4595
4844
4598
4847
10346
3483
4842
4843
4937
19647
15658
11999
5200
14169
5202
5027
5204
5207
11991
14162
11993
14160
11995
14166
14165
11996
4563
13413
19646
13179
13411
13171
13170
13173
13172
13175
13174
13177
13417
11191
14346
11193
11192
11195
11194
11197
11196
18318
11198
13415
18648
14348
17923
17921
17924
17925
3040
4569
13419
1913
20374
15488
16306
11673
7523
11674
12497
15698
15699
12580
15692
15690
15691
15696
15328
15695
13391
6907
12421
12422
15343
6903
6902
12426
6456
15348
8135
8688
8689
8130
8131
8132
8133
12586
11224
7739
7738
7733
7732
7731
7730
7737
7736
7735
7734
19190
3950
3957
3955
3954
8358
8359
8350
8351
8352
8353
8354
8355
8356
8357
20267
15029
5020
4067
13773
13772
13771
13770
13777
13776
15480
13774
13779
13778
5784
5785
5786
5787
5780
5781
5782
5783
5788
3601
3606
3609
13904
17783
8146
4480
11438
11432
11433
11430
11431
11436
11437
11434
11435
17452
17103
17104
17457
16986
17109
17458
4453
4452
13340
13341
13346
13347
4455
13345
13348
13349
20141
20147
20149
16780
16854
16857
16850
16853
16852
16859
16858
12165
12164
6336
12166
12161
6331
12163
6333
6338
12168
9674
9675
9676
10450
9670
10456
10455
10454
10105
10104
10459
10106
10101
9679
10103
10102
6064
12094
6066
11858
11859
18819
12096
8909
8908
11850
11851
11852
11853
8901
8900
18815
8902
6062
6063
6840
7128
7129
7126
7127
7124
7125
7122
7123
7120
11029
12099
12098
13764
4077
13767
13762
2824
4072
2822
5414
5415
3384
3385
14758
5411
5412
3967
14754
14755
14756
14043
5418
14751
7953
3389
8265
3965
5793
4215
14479
13906
13907
4211
13901
13902
4212
5388
5790
13908
13909
18105
18101
18100
18108
12660
5389
5578
5577
5576
5574
5573
5572
5571
5570
19708
14471
14470
10039
3969
11113
10038
16580
14474
8070
14477
11229
11228
11227
11226
11225
11116
11223
11222
11221
11220
10036
19050
19053
19056
22307
15860
23439
13381
13390
19702
14569
16194
16198
16199
16628
16629
16626
16627
16624
13685
16623
16620
12323
12758
6108
12756
12757
12754
6104
12752
12753
12750
12751
10938
10939
10934
10935
10936
10937
10930
10931
10932
10933
9119
9118
16996
16990
9449
16993
9111
9446
9113
9444
16998
9114
9117
9440
12284
12285
12286
12287
12280
12281
12282
13233
16443
7959
16441
12288
12289
5004
9530
12328
6109
5905
12759
6107
8029
6106
13235
6105
10317
14956
12755
14221
6103
21489
6102
8022
3414
14223
3413
3410
8531
14224
21370
6100
8532
14225
19230
12827
14226
8534
14227
15293
10664
10665
10666
10667
10660
12822
10662
10663
13481
13480
13483
8025
10668
10669
13487
13486
14101
14100
14103
14102
14105
14104
14107
14106
14109
6327
13389
6551
17714
17717
17711
17712
17719
17718
13157
13156
13155
13154
13153
13152
13151
13150
20684
13159
13158
10592
10593
10590
10591
10596
10597
10594
10595
10598
10599
16994
7018
18666
7019
5801
18663
17908
7016
20355
20353
20352
19489
17902
5615
9038
17906
7015
17469
10255
9448
19903
10254
9447
7010
9110
10256
9445
9640
9112
9115
9442
12990
12991
12992
12993
12994
9441
12996
12997
12998
12999
11121
9116
14285
5688
16448
16449
14813
4469
8118
8119
6929
6928
15414
6924
15416
15417
8116
6920
15412
6922
7711
7710
7713
7712
7715
7714
7717
7716
7719
7718
6522
9803
16447
13371
8376
8377
8374
8375
8372
8373
8370
8371
8378
8379
5169
4521
17684
6325
9434
4762
13719
13718
6526
9572
13711
13710
13713
13712
11128
13714
4006
19420
3973
3972
3975
3974
19428
6529
13993
9291
4283
3621
3620
11129
3624
3627
4286
11410
11411
11412
11413
11414
11415
11416
11417
11418
11419
4285
15795
15794
16299
16298
16297
16296
16295
16294
16293
16292
16291
15792
17479
8142
4289
17470
17472
15790
17474
17475
17476
13368
4478
11046
9431
4471
4470
13362
13363
4475
13365
13366
13367
9075
6447
14811
4769
15799
9458
15798
6444
2463
20163
20165
4768
16873
16872
16877
16876
16874
16879
6312
6313
12141
6311
6316
12146
6314
12144
8530
6318
6319
6442
9652
10438
9650
10128
9308
9657
9654
9655
10123
10122
10433
10432
10435
10126
9302
10436
33014
18873
18875
16517
8969
8968
8963
8962
8961
8960
6440
8966
8965
8964
8005
9455
8533
6443
9456
14345
6538
4229
8535
18294
18297
24217
14997
13489
14738
14739
5436
5437
5434
13488
14732
14733
9450
14731
14736
14737
14734
14735
6324
10620
12172
10661
13962
4758
13960
4270
4277
13967
4275
4274
8537
13969
18123
4862
5557
5551
5550
5553
5552
18128
5559
4861
9452
4866
13484
8589
8588
15570
4864
8581
8580
8583
8582
8585
8584
8587
8586
13662
8279
14340
13665
18482
4755
5883
5882
5881
5887
5886
5885
5884
18484
12420
13666
15584
6554
15064
15067
6557
15061
18486
15063
6553
6558
15068
18488
16012
11048
16015
16017
16016
14558
16019
14559
11293
5878
11291
9887
7505
7506
9884
9883
7501
9881
9880
10448
7508
14550
9889
3507
3759
16606
14551
16600
16601
16602
16603
14556
10119
16608
14557
6125
12775
12776
6126
6121
12771
6123
12773
14555
6129
6128
10447
15976
10112
10113
12425
10958
10959
10442
10952
10953
10950
10951
10954
10955
16460
16461
16464
8675
16466
16467
16469
16869
4633
4632
12427
4631
9614
2259
13526
26164
13782
21355
21356
13783
4851
12428
13525
15522
13786
4096
4802
4803
4806
4807
4808
16235
4094
2789
16234
10602
9464
11607
10601
9461
9460
9463
9462
10608
16236
11609
13788
11959
11958
14129
14128
11955
14126
14125
11956
11951
11950
11953
14120
12547
17730
17737
17734
17739
17738
8790
9610
9793
9792
9791
9790
9797
9796
9795
9794
9799
9798
5730
8791
18609
5733
18602
18603
14381
14380
14387
14384
14925
20400
20407
7353
15527
8416
8414
8793
12543
15528
12978
12979
12976
15657
15654
12975
12972
12973
12970
12971
7081
7080
7083
7082
7085
7084
7087
7086
7089
7088
8207
9808
7584
7585
7586
6495
8171
15386
9804
8174
15381
15382
8177
8178
8179
6499
6498
9802
17900
15478
15479
15447
7582
6943
15473
6941
NULL
15476
15477
6945
6944
12540
7922
20428
7352
8398
8399
8394
8395
8396
8397
8390
8391
8392
8393
15445
4399
4390
4392
4393
4394
8160
4397
3195
3194
3191
9417
14934
8903
8167
13737
4027
13735
13734
13733
13732
4020
13291
26375
9418
13739
13738
11380
11381
11382
11383
11384
11385
11386
11387
11388
11389
8166
3998
3997
19157
9419
3993
3992
19152
8552
4028
6418
8551
12525
2446
2444
8096
8095
7867
7866
7865
12526
7863
7862
7861
7860
12521
9511
7869
7868
16819
16818
12523
16811
15202
16814
16817
16816
6378
12128
7981
4144
12121
6371
12123
12122
12125
12124
12127
12995
10141
10140
10415
10142
10413
10412
10147
10146
10149
10148
10418
9638
9639
9328
9329
5484
9322
9323
9320
9633
9634
9635
9324
9637
8941
8940
8943
8942
8945
8944
8947
8946
8949
8948
21722
14578
15863
8555
15449
18813
3853
5407
14728
15862
24653
5402
5182
5183
5180
5181
5186
5187
5184
5185
5188
5189
12276
3399
10369
10368
2864
13729
14710
14247
14712
14245
14242
14243
14240
14717
14718
14719
5408
14248
14249
5458
5459
3349
5450
5451
5452
5453
5454
3347
5456
3345
9188
9189
4259
4258
16902
13940
13941
13942
4252
13944
13945
13946
13947
5533
5532
5531
5530
5537
5536
5535
5534
18140
5539
18145
18147
4261
7206
16577
4264
23616
6572
4697
15041
6571
6576
13977
6574
15044
6578
6579
6220
7694
7695
7696
7697
7690
7691
7692
7693
12217
7698
7699
6227
3834
3836
3830
6224
3833
12214
3839
10108
6228
16375
12668
12669
7522
6657
7520
7521
7526
7527
7524
7525
15418
7528
7529
6655
19366
14642
6654
16667
19360
14643
6653
16668
9313
14640
19368
6652
6143
8112
12710
6140
12716
12717
12714
6144
14646
12718
6148
8110
14863
10970
10971
10972
10973
10974
10975
10976
10977
10978
10979
18894
19302
15411
6923
4696
16176
8115
18547
5918
21110
18898
16488
16487
16484
16485
16481
5549
16178
10509
16179
9763
11595
11594
11597
11596
11591
11590
11593
11592
11599
11598
4742
17287
17286
17284
17534
17530
9769
13449
13448
4828
13445
13444
4536
13446
13441
13440
4532
4533
9403
9402
11621
11620
11627
11626
9405
9404
7988
7989
9409
11628
10624
10625
10626
10627
11979
11978
11973
11972
11971
11970
11977
11976
11975
11974
17759
20649
17751
17750
17752
17755
17754
17756
8926
13199
13198
13193
13192
13191
13190
13197
6387
13195
13194
14369
19879
4558
18814
4559
20469
4556
12803
17110
20391
7324
7325
7326
7327
7320
7321
7322
7323
10084
10085
10086
10087
7328
7329
10082
10083
18444
18440
4550
18442
13420
12954
15675
12956
12957
15670
12951
12952
12953
12958
15679
8225
11605
8852
11688
11238
8850
7069
5891
7067
7066
7065
7064
7063
7062
7061
7060
6462
12924
6961
15451
6963
12481
15902
12487
6967
12485
8624
8157
8154
8155
8152
8621
8150
8623
11230
18098
11231
24396
7221
9988
9989
9986
9987
9984
18094
9982
9983
9980
9981
11025
11024
11027
14506
14501
14500
14503
14502
6466
14509
11028
23285
6370
14363
11368
11369
11366
11367
11364
11365
11362
11363
11360
19172
19176
12873
7224
5271
19281
19284
17945
15882
5465
4846
10402
13468
6688
6689
19641
6680
6681
6682
6683
6684
6685
6686
6687
2428
7228
16797
9243
16344
16834
7849
16832
16831
16342
7845
7844
7847
7846
7841
7840
7843
7842
6356
12106
6354
12104
6352
6353
12101
12100
12109
6359
4122
9340
9617
9342
9615
9344
9613
10169
9611
9348
10166
10165
10164
10163
10162
10161
10160
21254
7034
14888
6077
6076
14880
14881
14882
14883
14884
14885
14886
14887
12085
4120
6073
6072
4008
6071
4009
6070
14080
14081
14082
14083
14084
14085
14086
14087
14088
14089
12489
3229
3228
2161
3227
3226
3223
3222
13276
4000
13274
13275
13272
13273
13270
13271
6078
9631
13278
13279
40308
2848
13715
4005
5476
5477
5474
5475
5472
14269
5470
5471
14264
14265
9632
14267
14260
14261
14262
14263
12424
20074
20070
3970
20078
23790
14132
18163
18161
18160
14468
18168
5519
5518
11109
3978
5511
5510
5513
5512
5514
5517
5516
15880
11102
11103
10798
14460
10799
23673
14461
7340
3628
7341
15091
14467
10794
9636
11104
10795
14465
10024
6518
15028
10025
15590
15021
6511
15023
15022
6514
15024
15027
6517
15592
10792
15595
10021
3810
3816
24113
3815
3818
8704
8457
8456
8455
8454
8453
8452
8451
8450
8459
8458
6569
15311
7548
7549
16618
11299
7540
7541
7542
7543
7544
7545
7546
7547
16648
16138
16136
16137
16134
19347
16132
16645
16646
16647
12738
12739
7348
13851
6161
6160
12732
12733
12734
6164
12736
12737
10998
10999
10996
10997
10994
10995
10992
10993
10990
10991
7349
15461
21134
6138
12768
5605
5604
8529
6132
12588
12762
6130
12760
9771
6137
8523
17519
12765
12582
17512
15462
12764
17517
12581
17515
17514
13469
12852
14965
13463
4513
13461
13460
13467
13466
13465
12854
9429
11648
12585
14786
9421
9420
9423
12584
11645
11644
9427
11646
5289
5288
17775
17774
17773
17770
5281
5280
5283
5282
5285
5284
5287
5286
18200
20663
18201
11000
15638
20853
16290
20914
20910
15620
7294
20448
7001
11641
10243
10240
7302
7303
7300
9026
9289
9288
7304
7305
9285
7005
9287
7309
9281
9280
9283
7004
18422
18423
11913
11912
11915
7007
11917
11916
11919
11918
9022
4507
12932
15613
15610
12931
15616
15617
12934
15615
9490
12939
9477
7045
10207
10204
10205
7041
7040
7043
7042
16478
7049
7048
10208
10209
13700
13369
18390
18393
18396
8609
15928
6989
6988
15924
8603
6985
8601
6983
6982
8604
8605
13360
13361
14695
14694
14697
14696
14691
14690
14693
14692
9039
13364
14788
14699
14698
4474
4477
14307
4358
4355
4356
4357
4350
4351
4352
4353
11003
11002
11001
14520
14527
11006
11005
11004
11009
11008
8026
12550
9105
8027
11344
11345
11346
11347
11340
11341
11342
11343
9497
11349
19111
19110
5709
5705
5706
5707
5700
5703
15335
6425
12724
6491
15337
12456
2245
12451
6421
15780
15333
9100
15781
6423
23804
4295
4294
4297
6894
13987
9101
15786
13980
15338
16587
16586
16585
16583
16581
15789
14308
16589
12697
12696
12695
12694
12693
12692
12691
12690
19352
12699
12698
10835
10834
10837
10836
10831
10830
10833
10832
4173
10839
9597
14016
16363
16362
16361
7828
16367
16366
16365
16364
7823
7822
7821
16368
7827
7826
7825
17188
17181
17184
17185
17187
9368
9369
9366
9367
9364
9365
9362
9363
9360
9361
8985
8984
8987
8986
8981
8980
8983
8982
8989
8988
3799
3798
9269
3797
3791
3790
4981
4980
4983
4985
4984
4987
4986
4989
4988
14068
14069
14066
14067
14064
14065
14062
14063
14060
14061
3249
12439
3243
3246
3245
13258
13259
13255
13256
13257
13250
13251
13252
13253
14208
5498
5499
14202
14203
5496
14201
14206
14207
14204
5493
12143
20054
13498
12140
12147
6975
6317
12145
18185
6315
18181
13678
10619
13679
13493
12149
12148
15564
14566
5257
14565
13672
14564
12463
9658
4066
2795
13670
14562
15565
4740
14561
4747
11040
23653
6536
15006
15557
8292
8295
8294
8297
6531
8299
8298
15559
8792
15009
6539
15566
15567
15560
15403
15561
4064
8796
16006
8797
3878
3879
3870
3871
3872
3873
3874
3876
3877
8479
8478
5864
8475
8474
8477
8476
8471
8470
8473
8472
7566
10439
7564
7565
7562
7563
7560
9653
10129
7568
7569
9651
13949
9656
8247
9304
15319
9305
10121
17358
4167
9495
13894
10120
4163
13893
4161
4160
10127
13898
9301
17355
10125
10124
24630
17604
8648
15968
22749
15969
2239
2237
5937
5936
16116
5934
5933
5932
5931
16113
16118
5939
5938
17571
17572
17575
4608
17577
3499
3497
3495
3492
13401
13400
13403
13402
4574
4575
13407
4577
13409
13408
13515
8423
11667
11666
11665
13514
11663
11662
11661
11660
4602
11669
12029
4600
9784
9014
20600
17799
17794
17790
17793
8125
11308
11309
8967
23922
15408
6424
15717
12556
11300
11301
15716
15432
7369
7360
7361
7362
7363
7364
7365
7366
7367
12316
12317
12314
12315
12312
12313
11939
11938
11937
11936
11935
11934
11933
11932
12318
11930
12918
15639
14241
15630
15631
12912
12913
15634
12915
12916
15637
9007
7022
7021
7020
10228
9002
7025
7024
10224
10225
7029
7028
10220
10221
9009
10223
7597
6420
9833
7595
11020
15948
7594
15942
15943
15940
15941
15946
15947
15944
15945
7799
7798
9834
15294
7791
7790
7793
9835
7795
7794
7797
7796
4280
24352
6942
1034
18643
6095
8004
4373
4370
4371
4376
4377
4374
4375
11069
11068
14541
11060
11063
11062
14545
11064
11067
14546
8660
8661
8662
15497
8664
8665
8666
15493
8668
8669
15498
15499
17894
17895
4080
13790
4082
13792
13795
4085
13797
13796
4088
13798
11322
11323
11320
11321
11326
11327
11324
11325
11328
11329
4284
14321
5729
5722
5723
5720
5721
5727
5724
5725
14320
11498
11499
11490
11491
11492
11493
11494
11495
11496
11497
8084
8085
8086
8087
8080
8081
8082
8083
8088
8089
25175
12446
19792
16569
16565
16564
16567
16560
16563
6648
6649
12675
12674
6646
6647
12671
12670
6642
12672
10813
10812
10811
10810
10817
10816
10815
10814
10819
10818
6182
7801
7800
7803
7802
7805
7804
7807
7806
7809
7808
15214
16308
15215
8121
16301
15212
16302
19865
16304
16307
12533
6398
6399
15210
6392
6393
6390
6391
6396
6397
6394
6638
12969
4135
2724
12538
12964
15219
5693
15641
1854
12960
3842
12963
4969
4968
4967
4966
4965
4964
4963
4961
4960
14044
14045
14046
14047
14040
14041
14042
5433
14048
14049
5431
5128
5129
3267
5125
5126
5127
5120
5121
5122
5123
7944
9190
5435
9193
15547
19962
13238
13239
13232
9195
13230
13231
13236
13237
13234
9194
14220
14957
14222
14955
14952
10378
14950
14951
14228
14229
10379
15544
18210
14958
18212
9199
10377
7948
7949
10370
7239
10449
8268
6886
6887
6884
6885
6882
6883
6880
6881
6888
6889
12524
6519
15405
12527
15540
4272
4271
1203
15571
13961
15577
15575
8278
8277
8276
8275
8274
8273
8272
8271
8270
9515
13964
9514
9882
10770
16546
10771
4047
6239
4279
12209
4278
10774
9512
12659
20723
1356
6235
8419
12658
12205
8413
8412
8411
8410
8417
10154
8415
11074
15469
10779
7588
7589
9809
5554
9807
9806
9805
7587
7580
7581
9801
9800
12653
15398
12202
6232
19155
12651
6661
15425
6666
18124
6667
4472
15393
6664
15460
14857
12654
15463
14856
18838
15390
4149
4148
15424
4145
6486
4147
4146
4141
4140
4143
6955
3856
11825
3854
3852
15467
18557
15999
15466
14675
3858
3859
14674
14673
19668
11820
14671
14670
5962
15426
5963
5965
16172
16173
16170
16171
19304
16177
16174
16175
5915
5914
5917
5916
5911
5910
5913
5912
14492
17229
17558
17225
17224
17555
17226
17220
17223
17222
10512
13429
13428
13427
13426
13424
4552
13422
13421
16894
10511
11689
16897
11685
11684
11687
11686
11681
11680
11683
11682
17540
10515
14490
17542
14981
9616
14980
8864
17233
14982
14985
4549
16795
16793
16791
14986
16799
12086
12087
12084
6074
12082
12083
12080
12081
14496
12088
12089
18959
2610
20483
20955
7346
7347
7344
7345
7342
7343
10028
10029
10026
10027
10796
10797
10022
10023
10020
10793
21687
13433
15065
4545
13435
12338
12339
12334
12335
12336
12337
12330
12331
12332
12333
7009
7008
10248
10249
9029
9028
10242
10777
9027
10241
9021
10247
9023
10245
18681
18688
22888
2949
2948
2944
5889
2941
5357
5356
5355
5888
5353
5352
5351
5350
5359
5358
4310
4311
4312
4313
4315
4316
6555
4318
4319
6556
11047
18027
11045
11044
11043
11042
11041
14560
6550
12091
11049
14568
3118
3117
15062
15961
15963
15964
15965
15966
8649
8646
8647
8644
8645
8642
8643
8640
8641
15537
21047
15069
12730
6559
5740
5741
5742
5743
5744
5745
5746
5747
5748
5749
11302
11303
11304
11305
11306
11307
12731
7308
15671
5267
14188
18847
3183
16106
23375
15216
12537
12534
12535
12532
15213
12530
12531
3188
15218
12539
6874
12492
14184
16099
16098
16549
16091
16542
16093
16540
16547
16094
16097
16544
6668
6669
6662
12652
6660
12650
12657
12656
12655
6665
10879
10878
11318
10871
10870
10873
10872
10875
10874
10877
10876
16891
16890
16325
16324
16895
16322
16321
16898
16329
16328
2378
15912
21943
4948
4945
4947
4946
4941
4940
4943
6043
12078
4949
15535
6047
14022
14023
14020
14021
14026
14027
14024
14028
14029
4089
13708
5108
5109
17053
17050
17051
5102
3286
5100
5101
5106
3282
5104
5105
13210
13211
13212
13213
13214
13215
13216
13217
13218
11135
4013
14454
10499
10498
10497
18372
10495
10494
10493
10492
10491
10490
14798
14799
18239
13701
14978
14979
14974
18232
14792
14977
14794
14795
14972
14797
20010
20013
4015
9148
20541
20019
13705
7504
9886
9885
7507
4555
11139
15397
7500
14458
19437
7502
7503
6868
15778
15396
6864
6865
6866
6867
6860
15770
15773
15772
7351
6615
7350
3980
10019
7509
4553
10018
9586
9587
8255
8254
8257
8251
8250
8253
8252
7356
8259
8258
10013
8789
8788
4531
15060
10012
8783
8782
8781
8780
15515
8786
15517
15516
9589
7618
7619
18236
7615
7616
7617
7610
7611
7612
9231
9232
4456
10014
8431
8430
8433
8432
8435
8434
18235
8436
8439
8438
9142
8739
9825
9824
9827
9826
9821
9820
9823
9822
15533
9829
15588
12774
6124
9143
16024
6127
12777
15296
12770
6120
8040
12772
9140
12595
14715
6122
8514
8043
15297
8512
8045
4129
4128
9141
8046
4123
12778
4121
8047
4127
4126
12779
4196
5689
15046
13866
5685
5684
5686
5681
5680
5683
5682
13864
15295
13458
13861
10496
11519
11518
11515
11514
11517
11516
11511
11510
11513
11512
16158
16159
5979
5978
16150
5972
16152
5970
5977
16155
16156
17209
17201
17205
17204
18238
15290
14790
14975
18231
2587
18230
14970
15291
14971
14796
18234
16145
6059
6055
6054
6057
6056
6051
6050
6053
6052
10004
10005
10006
10007
10000
10001
10003
10008
10009
16901
9599
9598
9229
9228
9595
9594
9225
9224
9591
9222
9221
16465
9226
14571
12358
12359
12352
12353
12350
12351
12356
12357
12354
12355
10260
10261
10262
10263
10264
10265
10266
10268
10269
12616
9049
9048
9043
9042
9041
9040
9047
9046
9045
9044
12466
3546
3547
3542
3543
3548
12615
20973
16140
5847
14054
5379
5378
5375
5374
5377
5376
5371
5373
13004
13007
13006
13001
13000
13003
13002
13009
13008
14008
4338
4337
4334
4335
4332
4333
4330
4331
3137
14159
3130
22893
18004
14584
14587
18007
14581
18002
18003
2717
17856
17857
17854
17855
17852
17850
15988
15989
15986
15987
15984
15985
15982
15983
15980
18456
5768
5769
5766
5767
5764
5765
5763
5760
15186
15187
15184
15185
15182
15180
15181
16381
15188
16124
15085
15326
8193
6435
23319
8196
12443
12518
15320
12514
12515
12516
15321
12510
12511
15232
12513
7427
7426
7425
7424
7423
7422
7421
7420
15779
7429
6869
16521
16520
16522
16525
16524
16529
6600
12630
12633
12632
12635
6605
12637
6607
6608
6609
6438
10857
10856
10855
10854
10853
10852
10851
10850
10859
6861
9300
6862
6863
16203
14151
21039
12189
12188
12187
12186
12185
12184
12183
12182
12181
12180
9276
10703
2355
6736
9303
17690
17691
17697
17698
3736
3735
3730
4923
4922
13582
13583
4695
4926
13586
13587
13588
13589
4929
4928
11726
11727
11724
11725
11722
11723
11720
11721
10701
16388
11728
11729
5160
13455
5162
5165
5166
5167
5168
14001
14003
14004
14006
17078
17079
10700
16868
17077
17070
17071
17073
4776
4774
13644
10707
9698
4809
9696
9697
9694
9695
9692
9693
9690
9691
14918
14919
14913
14910
14911
14916
14917
14915
10706
4307
39896
9465
11604
10600
8817
11606
13649
4578
12158
4779
11600
11603
11602
14713
6305
6848
15758
4579
6842
6843
15751
6841
6846
6847
6844
15754
6306
15270
6676
15518
12150
14714
14572
11608
18251
18250
13518
11053
12152
18257
18259
6302
11055
6590
6591
15271
8230
6594
8236
8235
8234
6598
6599
8239
8238
15539
6757
13517
15511
14579
15513
10131
7638
7639
9943
7632
7633
7630
7631
7636
7637
7634
15514
8785
20284
11954
4437
8784
11957
15273
18465
8816
14123
9169
18463
9843
9842
9841
9840
9847
9846
9845
9844
9849
9848
15274
10629
6672
16034
19021
5815
3092
7614
3091
5816
23149
5817
6377
16217
3121
19244
22546
18313
9317
4103
4105
4104
9316
15276
16213
7613
9315
9646
16211
9164
9641
14457
10427
3898
3899
9311
17611
3892
3893
3890
9642
3896
3897
14456
15995
15278
16219
15994
6986
18866
15997
5951
13508
11539
15996
5955
5954
5957
4618
5959
11532
11531
11530
11537
11536
11535
11534
15993
8656
4613
12631
14453
13503
8437
17080
4615
4614
17227
14452
17100
12552
10621
14451
15653
10622
18510
6981
17261
17260
17263
6038
17265
17267
9163
6032
6031
6030
6037
6036
6035
6034
9205
10063
9207
10061
10066
10067
9203
9202
10623
10068
10069
9209
9208
2655
14889
7388
7389
7382
7383
7380
7381
7386
7387
7385
12370
12371
12372
12373
12374
12375
12376
12377
12378
12379
3148
9828
14383
14382
9061
9060
9063
9062
9065
9064
10288
9066
9069
9068
10284
10285
10282
10283
10280
24059
17484
17481
3567
3564
3565
17488
13395
4485
13397
13396
20999
4481
4482
13392
20994
13399
13398
2905
2904
2909
2908
11883
11882
11880
11887
11886
11885
11884
14614
11889
11888
14611
14610
14613
14612
5319
5318
13309
5312
5311
5310
5317
5315
5314
13023
13022
13021
13020
13027
13026
13024
13029
13028
15264
4409
17874
17875
11089
11088
17873
11083
18063
11081
18061
11087
11086
11085
11084
20220
10648
20225
10747
4655
13359
10649
23082
10646
10647
4656
8574
8575
8576
8577
8570
8571
8572
8573
8578
8579
15258
12579
15015
15252
12573
15250
12571
15256
15257
15254
12575
7409
7408
7405
7404
10645
7406
7401
7400
7403
7402
4650
19081
19739
19738
16509
16508
16055
16054
16057
16056
16051
16050
16053
22681
12618
12617
6627
6624
12614
6622
6623
6620
6621
11929
15223
19888
15222
15221
19556
15220
10640
15227
15226
13625
14255
13626
13621
12505
4712
4713
12504
4718
13628
14704
2077
14703
15229
15228
3711
3710
3712
15659
3719
3718
15656
12977
17676
8189
17674
4124
17672
17671
4909
15655
4679
13569
4901
13567
13564
4674
13562
13563
4671
4906
11708
15650
8188
11704
11705
11706
11707
11700
11701
11702
11703
15355
5147
5144
5145
5143
5140
5141
5112
17019
17013
17010
17011
17015
16440
7957
10698
10349
7954
9168
13531
3375
7952
15353
7951
7950
10343
3371
9165
3370
16446
10341
7247
7246
9167
7243
7242
7241
7240
9160
7249
7248
10726
10345
10696
15351
15887
15730
6822
15732
6824
15734
6826
15736
15739
15738
8187
15889
15888
10545
10544
10547
10546
10541
10540
10543
10542
10549
10548
12644
6677
14282
14283
14280
14281
8813
14935
14284
8810
14938
14939
14288
14289
8819
6670
8219
8170
6673
8749
8748
8211
8210
8745
15084
15083
8214
8217
8216
7650
7651
7652
7653
7654
7655
7656
7657
10404
7659
3391
6490
6248
8418
8176
6249
12648
13958
12649
4247
16085
13954
6960
9566
15388
10748
15389
9869
9868
4240
9569
9861
9860
9863
13950
9865
9864
9867
9866
11146
14427
11144
14425
11142
11143
14420
11141
6244
15339
6949
14428
14429
10407
6948
18138
6247
6962
14669
22849
13818
13819
13816
13817
13814
13815
13812
13813
6965
13811
6940
6947
11839
15359
18131
11836
15474
11837
10603
6964
11834
11948
11835
11832
9144
14841
11551
5973
11553
11552
11555
11554
11557
11556
11559
11558
5971
16153
5976
19676
18152
16229
16883
16332
10606
6969
10607
6968
8871
14993
13516
14990
10604
16267
16264
16265
16262
16263
16260
16261
8875
4519
16268
16269
6011
6010
6013
6012
6015
6014
6017
6016
6019
6018
14995
10605
21470
17244
17243
18965
17240
10048
9262
9261
9260
9267
9266
9265
9264
10040
10737
10042
9268
10732
10733
10046
10047
17520
12398
12399
12396
12397
12394
12395
12392
12390
12391
9089
9088
9087
9086
9085
9084
9083
9082
9081
9080
21598
28415
3508
3509
5089
5088
38532
5083
3501
5081
5080
5087
5086
5085
5084
4512
2928
2921
5330
14639
14638
5337
5336
14633
5338
14631
14637
14636
18594
18595
13049
13048
13041
13040
13042
13045
13044
13047
13046
15076
18734
18043
18730
6546
18048
6545
17812
17810
15075
17816
13301
17814
3171
15072
3173
3177
15073
20249
15070
11258
15071
11827
20424
10529
20299
4396
6548
6279
12267
5253
18339
5250
12806
12551
8550
12553
12554
8009
8554
12801
12558
15279
8006
14730
8000
8001
12808
8003
16300
13196
4419
7469
7468
7463
7462
7461
7460
7467
7466
7465
7464
16078
14478
16073
16071
16070
16077
16075
14197
3725
10899
10898
10893
10892
10891
10890
10897
10896
10895
10894
5555
13597
4931
4684
4933
4934
22002
13592
13603
13602
4730
13600
4736
4737
13605
4735
13609
13608
4024
5855
5856
5850
5851
5852
5853
6118
5858
5859
4023
17654
3772
17650
3776
17652
17653
3779
17658
13544
4654
13546
13547
13541
13542
4652
17380
4689
13548
4658
7889
7888
16383
11769
19572
16387
7881
11763
11760
11761
11766
7884
11764
7886
17030
20745
17034
17036
17037
17038
17039
15797
14336
14441
11122
7036
2106
21291
11123
18337
11124
15796
11125
18431
14446
14447
7037
10387
10386
10385
10384
10383
10382
10381
10380
19751
10389
10388
16927
16926
16921
7268
7265
7264
7267
7266
7261
7260
7263
7262
12235
6205
12237
12236
6200
6201
12233
6203
12239
6209
18274
15869
15868
15719
6809
6806
15864
6804
15866
6802
15712
6800
15710
9744
9745
10561
10560
10567
10566
9742
10564
15793
17979
16427
10568
9748
9749
17978
3012
8839
8838
8835
8834
8837
8836
8831
8830
8833
8832
16511
9227
16087
7678
7679
7676
7677
7675
7672
7673
7670
7671
9596
19373
9223
16676
7177
9590
11861
9593
16474
6113
15038
14864
17994
6150
11168
11169
12700
11164
11165
11166
14407
11160
11161
11162
11163
8765
8764
8767
12702
8761
8760
8763
8762
12705
8769
8768
6155
13834
12877
13836
13837
6156
13832
8500
12706
13838
13839
12709
12874
16516
8057
3498
8056
8507
5629
5628
5627
5626
5625
8506
5623
5622
5621
5620
8493
8492
8491
8490
8497
8496
8495
8494
8499
8498
4183
11538
14190
4185
5995
5994
5997
5996
5991
5990
5993
5992
11577
11576
11575
11574
11573
5998
11571
11570
19389
14191
19382
19383
18076
5660
25729
10244
15033
6781
6780
6783
6782
6785
6787
6786
6789
6788
3592
15379
6355
19968
16249
16655
16245
16247
16241
4203
15378
16752
12008
12009
12006
12007
12004
12002
12003
12000
12001
9249
9248
9539
9538
9241
9536
9535
9242
9533
9532
9247
9246
21102
17005
3698
6350
3690
3691
3692
3695
17998
6351
5739
3526
3524
3522
3521
3529
5738
10714
10715
10716
10717
10710
10711
10712
10713
10718
10719
14651
14650
14653
14652
14655
14870
14657
14872
14659
14658
14879
14878
13067
13066
13065
13064
13063
13062
13061
13069
13068
10178
18717
4534
6656
17839
15370
20262
17832
17833
8951
15375
7199
7198
7193
7192
7191
7190
7197
7196
7195
7194
15313
16893
6403
15374
10422
12471
8538
8028
12470
12828
12829
15298
15299
12824
8023
8020
8021
15292
12821
8024
15316
7441
7440
7443
7442
7445
7444
7447
7446
7449
7448
6405
17387
10421
2265
6408
8186
15376
10420
15769
8183
15767
4282
13992
13991
13990
13997
13996
13995
13994
15762
13999
13998
6872
6871
12116
6870
14413
15323
10171
12117
7592
13669
13668
13661
13660
13663
4753
4754
13664
13667
4757
5872
5873
11298
5871
5876
5877
5874
5875
11292
16018
11290
5879
11296
11297
11294
11295
10424
17633
17630
17637
17635
3751
1814
16407
3752
3757
13522
13523
13520
13521
4637
13527
13524
4634
13528
13529
11740
11741
11742
11743
11744
11745
11746
11747
11749
19595
14417
19591
20891
15237
13298
13290
14416
13292
13293
13294
13295
13296
13297
4761
4760
6946
4763
6194
6195
6196
6197
6191
6192
6193
4765
6199
20098
16812
13656
2732
4766
2738
9186
9187
9184
9185
9182
9183
9180
9181
10365
10364
10367
10366
10361
10360
10363
10362
9410
7209
7208
16906
16905
11617
7203
7202
7201
7200
7207
11614
7205
7204
6222
12212
12211
6221
6226
12216
12215
6225
9414
12219
6229
9415
10503
15849
15848
10639
10672
15842
11611
15847
15846
15845
9762
10508
9760
9761
9766
9767
9764
9765
10501
10500
9768
10502
10505
10504
10507
10506
18944
6375
8859
8858
10631
8853
14589
8851
11619
8857
8856
8855
8854
10417
10143
18353
10414
10145
18493
10144
5274
5275
5276
5277
5270
10411
5273
11949
5278
5279
10318
14130
14583
11947
14582
18451
14133
14134
11943
9286
14136
18362
18014
11941
18368
2979
17997
11108
14469
14462
14463
11100
11101
11106
11107
14464
11105
15591
8702
15593
8700
8707
8706
8705
15596
15598
8709
8708
19024
13853
13850
4691
13856
13857
13854
13855
13858
13859
16408
9630
5607
5606
5601
5600
5603
5602
19924
5608
16205
9321
9326
16755
16409
9327
6251
10682
9325
9282
14511
16999
12259
12455
12454
12457
15336
15331
12450
6422
12452
18858
6428
12458
18856
22253
17142
10681
4694
17143
16674
6769
6768
6767
6766
6765
6764
6763
6762
6761
6760
9977
9976
9975
9974
9973
9972
9971
9970
9979
9978
16734
16737
16730
16731
16733
16738
16739
12024
12025
12026
12027
12020
12021
12022
12023
16222
15054
16220
12028
16227
16224
16225
9853
9855
10685
11394
6407
26143
2500
12572
17175
17174
17177
17171
17170
5049
5048
5047
5046
5045
5044
17068
5042
5041
5040
11391
10772
10773
9517
9516
10776
9510
9513
10775
10778
15310
9519
9518
14853
14850
11829
11828
14855
14854
14677
14676
14859
11826
11821
14672
11823
11822
15317
13089
13088
13084
13087
13086
13081
13080
13083
13082
0
10058
6404
3206
18773
18770
18774
15315
3203
20287
20286
3202
10196
10197
10194
10195
10192
10193
10190
10191
10198
15314
10056
5613
10099
4745
10055
15108
15109
15104
15105
15102
15103
15100
15101
10152
9025
18083
10153
7980
12594
8041
8042
12597
12590
8513
8510
8511
8048
8049
12599
8518
8519
18279
12849
12842
12843
12840
12841
12846
12847
12844
15318
10052
14666
15217
10151
11989
7158
4110
10051
10156
16340
10444
18504
13577
10445
18377
13647
4777
13645
4775
13643
13642
13641
13640
15238
4778
15239
14246
18374
14711
5818
5819
7986
5810
16036
5813
5814
15236
6376
16030
10354
12517
14716
17348
17346
15230
17612
17613
17342
14538
4619
13509
12512
15662
13500
13501
13502
4612
13504
13505
4617
13507
15660
12947
15211
6925
12946
15665
12944
18373
4883
2700
14907
25577
18370
16691
16690
16697
16696
16695
16694
6927
16698
13374
11981
10689
17409
10443
7428
18371
17408
2716
7964
6926
7965
5455
10699
7220
7223
7222
7225
3344
7227
7226
7229
10690
9166
10340
10695
9161
9162
7958
16969
16968
7969
6921
18636
16960
16962
16965
16967
16966
12279
12278
9171
12271
12270
12273
12272
12275
6245
12277
14391
10527
10526
10525
10524
10523
10522
10521
7927
10528
9708
9709
9700
9701
9702
9703
9704
9705
9706
9707
14992
8870
8873
8872
14996
8874
8877
8876
8879
8878
14998
14999
6812
6602
18961
24116
13315
6603
6604
12634
12491
13316
4251
6606
15914
13311
12636
6974
12639
15444
12638
12495
13312
12494
5252
10758
14198
14199
5256
6970
5254
5255
14192
14193
5258
8164
14196
6259
14194
14195
15821
15820
6258
15825
15824
15827
15826
15829
15828
13943
4255
4254
11120
12262
14334
18340
14444
14333
11126
11127
24560
14449
6979
10752
14338
14339
9578
7920
5940
17975
17977
17976
17971
17970
17973
3015
8729
8728
6255
8721
8720
8723
8722
8725
8724
8727
8726
4189
5393
10702
5392
4181
4180
13872
13873
13874
5391
13876
4186
5663
5662
5661
5390
5667
5666
13620
12139
5669
10858
18143
10333
5838
14830
14833
5398
14835
15289
14834
11805
4256
23230
11804
6402
15312
6400
6401
6406
12476
12475
12474
8185
8184
12479
6409
8181
8180
6823
8182
7764
7765
7766
7767
7760
7761
7762
7763
7768
7769
3906
3901
3908
6745
6744
6747
6746
6741
6740
6743
6742
11637
6749
6748
9959
9958
9955
9954
9957
9956
9951
9950
9953
9952
16200
3474
16202
16751
16204
16757
16207
16208
16759
12042
12043
12040
12041
12046
12047
12044
12045
12048
12049
6230
19843
7929
11632
8885
17169
11148
6101
21861
3478
12919
3479
3659
3654
3655
3656
3657
3650
3651
3653
17168
11465
11464
11467
11466
11461
11460
11463
11462
11469
11468
5065
5064
5067
5066
5060
5063
5062
5069
5068
17152
17151
17157
17156
17155
17154
17404
17159
17406
17401
17400
13878
17402
6242
13319
13318
4404
13314
13317
4407
4400
13310
13313
4403
9573
10759
9571
9570
9577
9576
9575
9574
10750
10751
9579
10753
10754
10755
10756
10757
14839
14838
11809
11808
5397
5396
5395
5394
11803
11802
11801
11800
11807
11806
14837
14836
12825
6990
20116
12826
6573
6570
15040
15047
6577
9397
9396
9395
9394
9393
9392
9391
9390
15078
6575
9399
9398
18576
18570
9523
18578
15049
15125
15126
15127
15121
15122
15123
10789
15129
6593
7159
11638
7157
7156
7155
7154
7153
7152
7151
7150
18750
18752
18755
18759
8602
12860
12861
12862
12863
12864
12865
8068
12867
12868
12869
12823
8065
8063
8060
8061
7485
7484
7487
7486
7481
7480
7483
7482
15925
7489
7488
9127
2898
2891
6562
8600
14842
12274
6596
12853
1723
3737
17699
6597
3831
13135
11199
13134
15830
8606
13136
15836
15837
13580
15834
13581
4920
4798
4799
6905
4794
4927
4796
4797
4791
4792
4793
5836
5837
5835
5832
5833
5830
11259
11256
11257
11254
4924
11252
11253
11250
5839
19008
6904
4698
19003
4035
19005
13725
4037
13727
11784
11785
11786
11787
11780
11781
11782
11783
11788
11789
6494
4079
1838
6901
6020
25518
14968
21981
17218
18254
6900
14301
17219
12789
17360
17361
6837
17363
12781
12780
12783
12782
12785
17369
12787
12786
10321
10320
4899
4898
10325
10324
10327
10326
10329
10328
4891
4890
4897
4896
16947
9499
16417
9149
16411
7978
16413
18355
7975
7974
9492
9493
9494
9147
16949
7972
12257
12256
12255
12254
12253
6263
6260
12250
6268
6269
14000
17091
17096
6493
17095
4078
17099
9726
9727
9724
9725
9722
9723
9720
9721
9728
9729
21320
21322
21328
20330
3467
3466
3464
3462
8899
8898
8897
8896
8895
8894
8893
8892
8891
8890
20582
20580
19672
20589
4276
16663
17963
1585
5238
16664
5230
5231
5232
5233
5234
5235
5236
5237
13126
13127
13124
13125
13122
13123
13120
13121
15807
15805
15804
15803
13128
13129
18328
19675
14318
14319
18321
14315
14316
18322
14310
14311
14312
14313
12712
12713
17957
6141
17954
8191
12711
20356
6147
6146
7000
10331
11615
12715
5649
5648
5641
5640
5643
5642
5645
6149
5647
5646
12719
18021
12866
8069
8066
12490
8067
8064
9699
12493
4250
14805
12419
12418
15371
6461
12413
6463
6464
12414
12417
12416
7742
7743
7740
7741
7746
7747
7744
7745
7748
7749
19490
3923
19492
3921
3926
19495
3924
3928
3929
8307
8306
6721
8304
6727
6726
6725
8300
10299
6729
6728
8309
9073
4825
18608
19616
12159
9939
9938
9932
9931
9930
9937
9936
9935
9934
16779
4822
16770
16773
16774
16775
16777
12068
12069
10293
6091
12061
12062
12063
12064
12065
6097
4188
8124
12496
3673
20990
19615
21846
3678
3672
14926
3296
15356
3676
12804
2542
2544
7002
11443
11442
11441
11440
11445
11444
11449
11448
5003
5001
3583
5007
5006
3586
12156
3589
5009
5008
17139
17138
17429
12213
17130
17133
12802
17137
17424
13339
13338
13333
13332
13331
4421
4426
4427
13335
13334
9559
9558
9551
9550
9553
9552
9555
9557
9556
5949
12596
13956
12800
15906
12210
12936
15907
14920
13491
17058
12591
8934
11860
11863
8937
8930
11864
8932
11866
11869
11868
8938
8939
14819
14818
15142
15141
15146
15147
15144
15145
15148
15149
7175
7174
8741
7176
7171
7170
7173
7172
7179
7178
12593
10246
8629
12888
12889
12886
12887
12884
12885
12882
12883
12880
12881
17914
15308
15900
16958
12469
14765
14767
14766
14761
14760
14763
6075
24247
14769
15759
12464
6849
12938
15901
23023
15306
23027
12467
12460
12461
15753
13939
15302
14803
15752
13935
4225
13937
13936
4220
4221
4222
13932
5586
5587
5584
5582
5580
5581
15757
5588
15756
8625
6845
11274
11275
11276
13688
11270
11271
11272
13683
13681
13680
11278
11279
8501
13684
19757
19063
19064
19067
8627
5300
13791
11134
15512
14940
8620
14943
18253
22087
8502
14942
12310
15908
19685
19684
6453
19680
4538
12311
4539
6730
6731
15909
8316
10905
4826
10907
8317
10901
10900
10903
4535
6734
17308
17309
10909
10908
6735
9120
9121
9122
9123
9124
9125
9126
10308
9128
9129
10305
10304
10303
10302
10301
10300
16433
16432
16431
7918
4820
16435
16434
7913
7912
7911
4821
7916
7915
6595
10628
6288
6289
11622
6284
6286
6287
6280
7982
6282
6283
7983
4925
7984
7985
11625
7987
19470
6363
6362
8703
15538
12130
9408
3448
6367
4214
5831
3441
6366
2756
5975
6365
2750
6364
2758
10400
11255
10401
4217
9337
5216
5217
5214
5215
5212
5213
5210
5211
14156
14157
14155
14152
14153
10157
10406
4216
10155
13108
13109
13104
13105
13106
13107
13100
13101
13102
13103
14484
18654
18657
18304
18303
14481
14482
14483
14488
14489
18309
17931
17930
14378
14379
14372
14373
14370
14371
14376
14377
14374
14375
19734
20645
9622
4226
15689
15688
14019
15681
15680
15683
10011
15684
15687
15686
16765
6446
6915
6916
6445
6910
12432
12431
6441
6918
15428
6448
6449
3304
14807
7728
7729
4424
19228
7720
7721
7722
7723
7724
7725
7726
7727
14894
6088
3940
19477
3942
3943
3944
19473
3946
3947
6709
6708
8329
8328
6454
6087
6701
6700
6703
6702
8321
12075
8323
8322
9911
9910
9913
6085
9915
9914
9917
9916
9919
9918
12072
12071
12070
19212
19210
19217
19215
22416
13746
13747
13744
4053
13743
13740
4050
8663
13748
13749
13118
3610
3619
12173
7536
11429
11428
11421
11420
11423
11422
11425
11424
11427
11426
17441
5028
17115
17114
17445
17444
10117
17446
5021
12171
5023
5025
5024
17119
5026
13351
13350
13353
13352
13355
13354
4446
13356
4448
13358
4423
10114
20153
14930
3094
41062
10466
10467
10464
10465
10462
10463
10460
10461
10088
10468
10469
8912
8913
8910
8911
8916
8917
8914
11848
11847
11846
11845
8919
11843
11842
18820
11840
15168
15169
7960
15160
10080
15163
15164
15166
10081
7113
7112
7111
7110
7117
7116
7115
7114
7119
7118
18799
4499
7290
12230
14743
14742
14740
14747
14746
14745
4100
14748
7292
5811
12955
4106
15676
6426
4208
13918
5399
4108
13912
13911
13910
13917
13916
4204
13914
5568
15672
5564
5565
5566
15673
5560
5562
5563
12462
7932
12261
7295
12568
15678
12959
11212
11213
11210
11211
11216
11217
11214
11215
11218
11219
13833
19043
12784
15241
7968
15240
12563
14276
7297
12562
15245
10323
15244
10322
4673
15246
7298
5919
8327
4893
4892
15253
16182
16639
16186
16184
16189
19778
16631
16630
16632
7068
3891
12749
6119
16946
6114
12744
12747
6117
6110
12740
12743
12742
10923
10922
10921
10920
10927
10926
10925
10924
17320
16943
17322
10928
17324
17326
16410
7931
7282
7281
10678
7935
9459
7937
7284
9106
7938
9104
10670
9102
9103
10675
9453
16459
16458
16989
16988
9491
16983
16450
16981
16452
16455
7977
16985
16456
12299
12298
12293
9146
12291
12290
12297
12296
12295
7970
20819
9496
20811
9145
18531
6223
6264
6265
6262
8341
12252
7391
6613
3429
12251
12623
17584
17585
6261
17580
6611
3425
17583
13306
12621
4589
4859
4416
4857
12626
4855
4586
4581
4415
7390
4582
14174
14175
14176
14177
14170
14171
14172
12483
4413
12625
12480
13303
11988
15905
4411
11982
12486
11980
12258
11986
11987
11984
11985
12629
12484
17093
6966
10581
10580
10583
10582
10585
10584
10587
10586
13162
13163
13160
13161
13166
8626
13165
11182
11183
11180
11181
11186
11187
14356
11185
14358
14359
11188
11189
5953
8153
5952
8622
17915
8151
17913
17912
27409
5956
5176
20365
11533
5958
8766
12987
12986
12985
12984
12983
12982
12981
12980
12989
12988
5502
12090
15704
5501
9836
7399
6933
6930
6931
15407
8698
6934
8128
8127
8694
15409
8696
8691
8690
8693
8120
7706
26754
7704
7705
7702
7703
7700
7701
7708
7709
7514
8349
8348
8343
8342
7936
8340
8347
8346
8345
8344
8564
15394
9425
22120
13768
13769
22057
4075
4074
13766
4076
13760
13761
4073
13763
5797
5796
5795
5794
3962
5792
3960
19453
3968
5798
3634
3635
6451
3468
11407
11406
11405
11404
11403
11402
11401
11400
11409
11408
7939
19234
6450
7864
17468
17467
17465
17463
17462
17460
13379
13378
4466
13376
13375
4465
13373
13372
4460
13370
6452
21806
3538
20177
20171
19455
15775
6455
16846
16847
16844
9985
16842
16843
16840
8522
12176
12177
12174
12175
6323
6322
12170
6320
11056
12178
12179
14504
6457
9667
9666
9665
9664
9663
9662
10118
9660
10116
11021
10446
10115
10440
10441
10110
9668
18806
11023
18802
18803
11022
8978
8979
6564
8970
8971
8973
8974
8975
8976
8977
8527
5870
6790
6592
6560
7139
7138
7131
7130
7133
7132
7135
7134
7137
7136
14353
6458
1658
4868
9531
9443
7682
14354
7945
14793
4238
8524
7946
5406
5405
5404
5403
3394
5401
5400
14721
3398
14723
14722
14725
14724
14727
14726
13971
13970
13973
13972
13975
13974
4266
13976
13979
13978
18115
18110
18111
5548
17666
5543
5540
5541
5546
5547
5544
5545
8159
8598
8599
8596
8597
8594
8595
8592
8593
8590
8591
8076
18507
2120
35366
15808
5890
11239
5892
5893
5894
5895
5896
5897
5898
5899
11232
11233
11234
11235
11236
11237
14173
4916
15801
7943
13574
15800
4914
8441
15151
4915
4863
4912
4232
13570
4910
4911
6039
9895
9896
9897
9890
9891
9892
9893
9898
9899
4230
7407
6033
16619
12835
17268
16613
16612
16611
16617
16616
16615
16614
12769
6139
12763
6133
12761
6131
12767
12766
6134
6135
10949
10948
10941
10940
10943
10942
10945
10944
10947
10946
16477
10062
9478
9479
16473
16472
9204
9472
9473
9470
9471
9476
10060
9474
9475
14314
9206
10229
9201
9200
14317
10064
18325
5174
12536
2652
4865
18326
2243
21344
15894
3402
3405
3404
4875
4874
4876
4871
4870
4873
4872
4879
10611
10610
10613
13499
10615
10614
10617
10616
13492
10618
13490
14291
13496
13497
13494
13495
14112
14113
14110
14111
18479
18478
14114
14115
18475
18474
14118
14119
18473
17706
17705
17702
17703
17700
8324
17709
13140
13141
13142
13143
13144
13145
13146
13147
13148
13149
20697
9780
9781
9782
9783
9609
9785
9786
9787
9788
9789
6601
19607
16654
18611
18613
18612
16652
20436
20342
20344
14292
8787
14295
12555
9401
6178
6179
5116
12727
15649
12968
12726
12965
9400
12967
12966
12961
15640
15643
12962
7096
7097
7094
7095
7092
7093
7090
7091
12723
11137
7098
7099
12895
6170
12557
9407
8212
6171
8073
8105
8104
8107
8106
8101
8100
8103
8102
11136
12891
8109
8108
12890
6958
6959
15399
6489
12893
8215
6950
6951
6480
6481
6954
15464
6484
6957
15452
9682
5694
4885
12559
6534
4026
8361
8360
8363
8362
8365
8364
8367
8366
8369
8368
15454
9067
5644
10286
10287
15455
8158
11131
11397
11396
11395
13709
11393
11392
4661
11390
13702
13703
4011
4010
13706
13707
11399
11398
19436
3989
3984
3985
3987
11130
3982
3983
12607
15922
5039
8156
4772
15877
10344
15459
19814
16281
16282
16283
16285
14234
3563
15874
19815
3566
16720
17480
4662
2481
7874
7875
7876
7877
7870
7871
7872
7873
8051
7878
7879
6913
5791
13394
16860
4486
16863
6309
6308
12154
12155
6307
12157
6301
12151
6303
12153
10134
10135
10136
10137
10130
13393
10132
10133
4483
10138
10139
10428
10429
9649
9648
9319
9318
9645
10423
9647
9314
10426
9312
9643
10425
8956
8957
8954
8955
8952
8953
8950
18865
21757
8958
8959
11610
4209
15744
15745
15747
4715
15651
15741
3214
3579
3210
15742
3212
11583
6468
2816
6469
15749
14707
14706
14257
14256
14251
14250
14253
14700
14259
14708
5428
5425
5424
5427
3374
3373
5420
5423
5422
6460
12410
14619
15373
14618
12412
15391
13959
4249
13957
12415
4245
13953
13952
13951
6465
5520
5521
5522
5523
5524
5525
5526
5527
5528
5529
18136
6467
18130
14617
18133
13560
14616
23199
10111
6547
15077
15074
6544
6543
6542
6541
6540
6549
15079
16346
16341
7848
16830
3927
14927
12436
8805
14293
7517
7516
7515
8807
7512
7511
7510
8800
17521
7519
7518
16671
16670
16672
16675
14921
16677
6357
8803
12105
3573
12701
6151
12703
6153
6154
12704
12707
6157
6158
6159
12102
10967
10966
10965
10964
10963
10962
10961
10960
13459
8305
10969
10968
4831
6720
13457
8303
13454
8302
12433
15520
4832
8301
15521
16495
4835
16497
16496
16491
16490
16493
4834
15494
15523
6358
6587
12108
22719
6586
6585
6584
8754
15529
15915
8308
8756
7996
14455
6588
7995
8750
8233
9439
11269
8203
11634
5822
8752
9437
8753
7999
5824
4813
4812
4811
4810
4817
5827
4815
4814
8232
9432
4819
5826
9433
11616
9411
9412
9413
11612
11613
9416
10638
10637
10636
10635
10634
10633
10632
11618
10630
14138
14139
18459
8231
9341
11946
18452
11944
11945
11942
14135
11940
14137
9343
17728
17729
11082
9612
17726
17727
17720
17721
9345
11080
9346
9347
10167
11072
9349
18065
18937
8237
5295
15492
11073
9618
9619
20411
20412
10093
10092
10091
10090
10097
10096
10095
10094
15161
10098
13704
21250
12949
15668
20657
12943
12942
12941
12940
15667
15666
12945
15664
7078
7079
8915
7074
7075
7076
7077
7070
7071
7072
7073
14394
14395
14396
18634
14390
18632
14392
14393
8683
14398
8163
8162
8161
15916
15911
15442
8165
15440
12499
12498
8169
8168
15919
15918
6978
15448
8680
9467
6476
9484
6099
6098
9659
8681
9466
6475
8918
8389
8388
8387
8386
8385
8384
8383
8382
8380
12060
8686
6090
6093
4389
4388
4383
4382
4380
4387
4386
4384
19978
12066
6096
8172
19824
8815
13928
13720
13721
13722
13724
4034
13726
4036
13728
4038
8173
11379
11375
11374
11377
11376
11371
11370
11373
11372
5078
19148
19413
12809
6152
15895
8175
8812
14435
11154
11157
14436
14430
14433
14432
9469
13736
14439
8565
7852
7853
7850
7856
7857
7854
7855
7858
7859
9468
16808
16800
16806
16807
16804
16805
6369
6368
12132
12133
6361
12131
12136
12137
12134
12135
9335
9334
10150
10403
9331
10405
9333
9332
10408
10409
10158
10159
9339
9338
9629
9628
9623
9296
9621
9620
9627
9626
9625
9624
9294
14899
14897
14896
14895
9295
14893
14891
14890
4019
7355
3082
5497
4018
14097
14096
14095
14094
14093
14092
14091
14090
13731
3670
14099
14098
3232
3233
5199
5198
5194
5197
3239
5190
5193
14450
13265
13264
13267
13266
13261
13260
13263
13269
13268
2543
2870
2878
14273
14272
14271
14270
3350
14275
14274
14279
14278
3358
20065
5449
9235
5443
5442
5441
5440
5447
5446
5444
7359
12920
12923
13805
5508
5509
5506
5507
5504
5505
18156
5500
18155
12927
12926
15609
12799
12928
12578
12792
15259
3320
15058
6568
6565
15055
6567
6566
6561
15051
15052
15053
7687
7686
7685
7684
7683
7681
7680
14268
12795
12570
7689
7688
3827
10332
3825
3823
3822
3821
3820
12576
9157
3829
12577
8444
8445
8446
8447
8440
12574
8442
8443
9151
15255
8448
8449
10337
10334
10335
7539
7538
7535
7534
7537
4016
7531
7530
7533
7532
20076
16129
19356
16659
16657
16656
16127
19606
16121
16120
16123
12729
12728
6176
6177
6174
6175
6172
6173
12721
12720
16406
10988
14661
16951
10985
10987
10986
10981
16404
10982
24604
9488
15456
15470
9483
9482
16059
7902
16058
7903
7904
9486
11586
11587
11584
11585
11582
7906
11580
11581
17136
11588
11589
14664
6270
21387
6273
16502
6272
17298
16501
17528
17529
6275
17524
17522
17523
17292
6274
4839
4838
12246
4529
4528
13456
4526
4833
12247
13452
13453
13450
13451
7993
7992
7991
7990
7997
11639
9438
6278
9436
11635
11636
9435
11630
11631
9430
11633
15933
13330
12619
5298
5296
5297
5294
6629
5293
5290
5291
13184
13185
13186
13187
13180
13181
13182
13183
17742
15937
20655
13189
17744
17745
6625
15935
12613
8638
12612
6994
12611
8140
12610
8143
6997
8145
20389
8632
20478
8631
8630
7337
9293
9290
7334
7333
9297
7331
7330
9298
9299
7339
7338
11964
11965
11966
11967
11960
11961
11962
11963
18439
11968
11969
9024
15601
15600
15603
12922
12925
15604
15607
15606
12929
15608
15404
10215
10214
10217
10216
10211
10210
10213
10212
5333
10219
10218
7058
7059
7052
7053
7050
7051
7056
7057
7054
7055
18389
18388
18386
18385
18384
18382
8149
15932
15930
6998
6999
8639
15934
8637
8636
6996
8634
8633
8144
8147
6993
14009
2990
9020
20884
15345
9999
9998
14782
9991
9990
9993
9992
9995
9994
9997
9996
11036
14517
14514
14515
14512
11033
11030
11031
11038
11039
6410
3451
3456
11359
11358
19161
19162
11353
11352
11351
11350
11357
11356
11355
11354
19718
6412
21192
3459
7232
19291
19298
7233
18718
25141
4714
13624
15234
15010
7230
4710
4711
13623
13622
6699
6698
7231
6693
6691
6690
6697
6696
6695
6694
13629
5058
7838
7839
16354
16823
16352
16825
16826
16351
7830
16829
7832
7833
7834
7835
7836
7837
12110
12111
12112
12113
12114
6344
6347
6346
12118
12119
5473
18810
12411
17195
17193
17192
17191
17190
9601
10179
9603
9350
9605
9356
9355
9354
10170
9608
10172
10173
10174
11034
10176
10177
11035
11032
3780
8999
3786
14510
3785
8992
8993
8990
8991
8996
8997
8994
8995
4996
4997
4994
4995
4992
4993
4990
15020
6512
4998
4999
6513
15025
6515
14079
6516
14075
14074
14077
14519
14071
14073
14072
3258
14141
1947
14140
13243
13242
13241
13240
13247
13246
13245
13244
13249
13248
17498
3333
5460
5463
5462
3337
5464
5467
5466
5469
5468
14213
14212
14215
14214
14217
14216
18713
20044
9644
16277
16276
5222
16270
18170
18172
18177
18179
12519
3817
14817
15819
14815
16278
11862
11865
5478
8931
15088
11867
8933
8286
8287
8284
8285
8282
8283
8280
8281
5479
15812
8288
8289
25970
6509
6508
13568
15032
6502
15030
6500
15036
6506
6505
15035
4677
15086
4675
14122
4902
3809
3805
4905
3806
3800
14641
3802
8462
8463
8460
8461
8466
4907
8464
8465
8468
13561
14121
15708
12138
7559
7558
7553
7552
7551
7550
7557
7556
7555
7554
16108
19622
4682
19335
19334
16105
19336
13885
13884
13887
13886
13881
4171
4172
13882
16987
13889
13888
14498
15903
9270
14645
9271
9272
19169
18332
15081
9273
14360
9274
14491
10728
4731
7393
14365
4638
9277
17949
5924
10725
5926
5927
5920
5921
9306
10724
5928
5929
17504
17505
17507
17501
10721
15415
7398
13474
13475
13476
13477
13470
13471
13472
4502
17909
10722
4509
13479
11658
11659
11652
11653
11650
11651
11656
11657
11654
11655
20674
17763
17764
17766
20673
8111
20678
11037
15410
6436
19344
19345
16643
7006
15287
19612
9307
9132
16130
16131
6169
8114
7319
7318
18672
6168
7315
7314
7317
7316
7311
7310
7313
7312
11902
11903
11900
12306
11906
11907
12303
11905
11908
11909
12309
12308
18410
15413
12909
12908
12907
15626
15625
15624
12903
15622
12901
12900
7030
9015
7032
9017
9010
10236
9012
10234
7039
10239
10238
9018
9019
21505
6162
6432
6165
12735
6167
6166
15959
15958
15489
6431
15950
15481
15952
15487
15485
15484
7788
7786
7787
7784
7785
7782
7783
7780
7781
14686
14687
14684
14685
15707
14683
14680
14681
14689
4299
9134
4681
4298
4349
17088
4347
4346
18674
4344
4343
4342
4340
8015
11018
11019
14534
11015
14536
11017
11010
11011
14532
14533
17889
8614
8617
8616
8611
8610
8613
8612
17881
17883
8619
8618
17886
17905
5219
16369
11331
11330
11333
11332
11335
11334
11337
11336
11339
11338
7375
19101
19106
19104
15831
5717
5716
5715
5714
5712
5710
14330
8012
4823
3305
3062
11489
11488
11487
11486
11485
11484
11483
11482
11481
11480
12473
20506
6439
9584
12472
3303
15623
16590
16591
16592
7244
16594
16595
16596
16597
16599
3578
12680
12681
12682
12683
12684
12685
12686
12687
12688
12689
10826
10827
10824
10825
10822
10823
10820
10821
4565
10828
10829
7816
7817
7814
7815
7812
7813
7810
7811
7818
7819
16379
16374
12477
16376
16370
16371
16372
16373
13386
7044
9588
4494
4493
9379
9378
4491
9371
9370
9372
9375
9374
9377
9376
5409
9278
4978
4979
4974
4975
4976
4977
4971
4972
13938
15731
6821
15733
14059
14058
13934
14053
14052
14051
14057
14056
14055
6825
15737
6827
13930
13229
13228
13933
6829
13221
13220
13223
13222
13225
13224
13227
13226
14237
14944
14235
14946
14233
14232
14231
14230
14948
14239
14238
3319
12409
5489
5488
5487
5486
5485
3312
5483
5482
5481
6479
12478
9661
6473
6472
12400
11899
6470
5320
18196
6477
18194
18193
15367
11894
15233
15364
14607
20401
14604
14605
14602
18584
14600
11893
12435
15546
6520
15012
15013
6525
6524
15016
7754
15018
15019
8266
8267
8260
8261
8262
15549
16820
16821
10691
16822
6478
3869
3863
3862
16827
3867
3864
8408
8409
7831
8400
8401
8402
8403
8404
8405
8406
8407
7571
7570
7573
7572
9818
7574
7577
7576
7579
7578
9816
9817
9810
9811
9812
9813
8814
14286
16359
14287
6341
8811
6340
3931
14937
4518
18277
6342
6345
9669
18275
12115
12434
4150
4151
4156
4157
4154
4158
4159
18996
13689
6349
11277
15435
6348
8818
4511
6718
9741
8218
18997
8335
4517
8138
18054
4514
13464
8338
15385
11649
6715
15089
9428
13687
18722
5902
16160
16163
5901
5906
5907
5904
8746
5908
5909
8213
13462
3489
8744
17566
8743
6163
3482
3484
15430
15082
13412
4562
4561
4560
13416
4566
13414
4564
13418
8740
15387
11643
11670
11671
11672
9422
18992
11675
11676
11677
11678
11679
15431
9424
11647
15380
9426
14254
13879
9353
20617
17788
9600
17787
8134
17782
9351
17781
7658
9602
15727
9604
18990
16786
16781
9607
9606
16789
12095
6065
12097
6067
6060
6061
12093
12092
6068
9359
9358
2601
20921
10175
10783
10782
10781
10780
10787
10786
10785
10784
10035
10034
10037
10788
10031
10030
10033
10032
14480
7379
7378
7373
7372
7370
7377
7376
7707
7374
11928
12322
12321
12320
12327
12326
12325
11920
11921
11922
11923
11924
11925
11926
11927
9032
9033
9030
9031
9036
9037
9034
9035
10251
10250
10253
10252
7012
7013
10257
7011
18692
18695
18697
17421
18698
13775
6086
8998
4930
2951
5344
5346
5347
5341
5342
5343
5348
5349
3788
4365
4364
4367
3789
4360
4363
4362
4369
18033
18032
11078
11079
14552
14553
11070
11071
11076
11077
14554
11075
8673
8672
8671
8670
8677
8676
15971
8674
8679
8678
15979
15978
4093
4092
13780
4097
13787
13784
13785
4099
13789
5735
5734
5736
13637
11319
5732
11317
11316
11315
11314
11313
11312
11311
11310
19128
4043
19125
19127
18914
4048
14988
4548
8097
15204
15207
15206
15201
8091
12522
12529
12528
8099
8098
5030
14426
14424
11145
18646
19789
16578
16579
16576
14422
16570
19783
11140
6659
6658
12666
12667
12664
12665
12662
12663
6651
6650
10808
10809
10804
10805
10806
10807
10800
10801
10802
10803
6385
6384
16318
6386
6381
6380
6383
6382
16313
11149
6389
16314
16315
14076
15453
7301
7306
7307
4541
4958
4952
19681
4950
4951
4956
4957
4955
14031
14033
14032
14035
14034
14037
14036
14039
14038
4540
17645
6704
17047
3966
3298
17040
17043
5138
3294
5136
5135
5134
5133
5132
5131
5130
13207
11911
13205
13204
13203
13202
13201
13200
18420
13209
13208
12453
18421
15555
11914
14963
14962
14961
14960
14967
14966
14789
14964
14787
18207
14785
14784
18203
14781
14780
20554
8290
12815
18429
9352
15266
12545
12816
6628
8563
8293
8562
8561
12933
12812
12930
6891
6890
6893
6892
15784
15785
6897
6896
6899
6898
12937
4547
15614
10904
12935
6626
10906
8569
8568
15618
4546
17304
10902
8798
8799
8248
8249
15568
15569
8242
8243
8240
8241
8246
8795
8244
8245
10206
12459
14218
7047
12546
7046
10202
8426
8427
8424
8425
8422
10200
8420
8421
10201
17436
8428
8429
14211
6142
3597
10658
9838
9839
10309
7599
7598
9832
7596
9830
9831
7593
9837
7591
7590
10655
10654
10657
13897
10656
22579
10651
10650
10653
10652
4464
4139
4434
4130
4131
4133
4134
7919
4136
5692
3840
5690
16430
5696
5697
3847
5695
3849
13320
5698
5699
13895
13322
4432
16439
7910
13328
6145
13329
5968
5969
16148
5960
16146
4463
16144
16512
5967
17548
15558
17238
17236
16514
17234
17545
17230
16043
13438
13439
16040
13890
13430
13431
13432
4542
13434
4544
13436
13437
6639
11698
11699
11696
11697
11694
11695
11692
11693
11690
11691
20639
15457
2597
2591
20632
6281
12600
12601
12602
6632
6635
12605
6042
6987
6040
6041
6046
6637
6044
6045
6636
15926
2621
10612
15920
2629
20947
9582
9583
9580
9581
9238
9239
7357
9585
9234
7358
9236
10010
10017
10016
10015
9233
14168
12349
12348
12341
12340
12343
12342
12345
12344
12347
12346
10277
10276
10275
10274
10273
10272
10270
10279
10278
9058
9059
7336
9050
9051
9052
9053
9054
9055
9056
9057
21548
7335
5091
16651
15420
13751
5438
5362
5363
5361
5366
5367
5365
5368
5369
2983
5093
5439
10230
4302
4301
14163
4306
4305
4309
7332
11050
11051
11052
14573
11054
14575
14576
14577
11058
11059
16001
17845
17844
17847
17846
17843
8659
8658
6116
15998
8651
8650
8653
8652
8655
8654
8657
15992
14161
12542
5753
5752
5751
5750
5757
5756
5755
5754
5759
19545
15195
15194
15197
15196
15191
15190
15193
15192
15199
15198
27672
3444
3446
6722
16135
12503
12502
12501
12500
12507
12506
15225
15224
12509
12508
7435
7436
7437
7430
7431
7432
7433
12725
7438
7439
16555
16557
16550
16552
16553
14623
16558
6675
12645
12646
12647
12640
12641
12642
12643
16082
13632
6679
6678
16084
4702
4701
4700
10868
10869
10862
10863
10860
10861
10866
10867
10864
10865
16330
16331
16880
19853
16334
16335
16336
16339
16888
16889
12722
4708
9310
18560
6724
13337
18567
14523
14522
13284
14521
17687
15039
3728
3729
17680
3724
11007
3726
14526
4686
13596
4932
13594
13593
14525
13591
13590
4938
4939
14524
13599
13598
11735
11734
11737
11736
11731
11730
11733
11732
11739
11738
5115
5114
5117
15031
5111
5110
5113
14018
14017
6507
14015
14014
14013
5118
14011
15037
17062
17060
17067
15034
17065
17064
3764
6504
10488
10489
10480
10481
10482
10483
10484
10485
10486
10487
14909
14908
18208
14903
14902
14905
14904
33337
13336
18209
6810
16333
6879
6878
6877
6876
6875
15765
6873
15763
15760
15761
11872
11873
8925
8924
18220
19948
18222
11876
18204
11877
8221
8222
8223
8224
8921
8226
8227
8228
8229
8920
4442
4648
15509
3803
15502
15503
15500
15501
15506
15504
15505
16037
5259
7609
7608
7607
7606
7605
7604
7603
7602
7601
7600
4643
3330
4444
4646
17116
9850
9851
9852
14487
9854
13555
9857
9858
9859
4645
18302
13575
8469
18301
11348
13877
17248
4116
7896
4113
9176
7897
7894
4118
7100
15663
7895
15285
7892
17242
9175
11777
16032
14442
7891
9263
10049
14443
11824
18401
3054
15661
5946
5944
5945
5942
10738
11508
5941
11506
11507
11504
11505
11502
11503
11500
11501
9173
10736
3050
10041
10734
15286
10735
10044
9172
10045
14445
10730
10731
4653
15280
6503
14448
6029
17217
17210
17212
16470
6021
6022
6023
6024
6025
6026
6027
10071
10070
10073
10072
10075
10074
10077
10076
10079
10078
9406
19626
9218
9219
9212
9213
9210
9211
9216
9217
9214
9215
12367
12366
12365
12364
12363
12362
12361
12360
12369
12368
10679
9076
9077
9074
5410
9072
10298
9070
9071
10295
10294
10297
10296
10291
10290
9078
9079
5417
3554
3551
3550
4175
2918
6814
9237
4176
12628
13880
5308
5309
13883
9230
5301
5302
5303
5304
5305
5306
5307
13016
13017
13014
13015
13012
13013
13011
6956
13018
13019
4329
4321
4323
4322
4325
4324
4326
3141
3144
14598
14599
14596
14597
14594
14595
14592
14593
14590
14591
17861
10673
19746
5779
5778
5771
5770
5773
5775
5774
5777
5776
4756
12569
15248
12561
12560
15243
15242
12565
12564
12567
12566
7412
7413
7410
7411
7416
7417
7414
7415
7418
7419
16532
16530
16536
16534
7273
10676
12622
6612
12620
6610
6617
12627
12624
6614
6619
6618
10840
10841
10842
10843
10844
10845
10846
10847
10848
10849
7275
4628
5082
21021
10674
10292
19525
9011
13968
19523
12198
12199
22053
12190
12191
12192
12193
12194
12195
12196
12197
3100
17777
4033
3101
10739
3708
3709
15342
3702
3703
3700
3701
12437
17776
13579
13578
4918
4919
4664
4917
4666
13576
13571
4913
13573
13572
11713
11712
11711
11710
11717
11716
11715
11714
15421
11719
11718
18546
15352
5173
5172
5171
5170
15423
5175
15891
5179
12430
17009
4237
15893
13927
17001
17000
20777
7003
13924
17007
17006
4234
15896
5925
15725
6919
9689
9688
4231
25993
9681
9680
9683
12438
9685
9684
9687
9686
15729
5922
5923
16011
15346
7254
7255
7256
7250
7251
7252
7253
16010
7258
7259
6855
6854
6857
6856
6851
6850
6853
6852
16013
6859
6858
5339
14632
14705
9191
15349
18596
8804
14290
8806
14924
14923
8801
14297
14296
14299
14298
8808
8809
14928
6583
6582
6581
6580
15524
15525
8208
8209
8206
8755
8204
8205
8202
8751
8200
8201
7625
7624
7627
7626
7621
7620
7623
7622
7629
7628
4505
17968
7829
4506
4501
9192
4500
16020
19805
8794
13473
14701
9878
9879
9876
9877
9874
9875
9872
9873
9870
9871
11155
14434
14437
11156
11151
11150
11153
11152
13478
13693
11159
11158
8905
3941
3087
3081
8827
22202
15263
13809
13808
9197
13806
13801
13800
13803
13802
3885
3884
3881
3880
15262
3889
18042
11524
11525
11526
11527
11520
11521
11522
11523
11528
11529
8326
18046
6705
8320
15090
6707
20650
12103
6706
15092
8771
6995
8776
15095
9912
8774
15097
16117
8935
3179
11855
25261
11856
16275
16274
19957
20677
16271
19950
19953
16111
16279
17818
6006
6007
6004
6002
6003
6000
6001
11857
6008
6009
17117
17271
17274
17275
17278
6991
7395
7394
7397
7396
10729
9275
10059
7392
10057
9279
10727
10054
10053
10720
10723
10050
6992
12389
12388
12385
12384
12387
12386
12381
12380
12383
12382
10539
9098
9099
9094
9095
9096
9097
9090
9091
9092
9093
15642
19921
21582
5098
17495
17492
17493
17491
17113
3574
5092
3576
5094
5095
5096
17499
4497
13387
13384
13385
13382
13383
13380
4490
13388
4498
16319
5327
5324
5325
11898
5323
14608
5321
14606
11895
11896
11897
11890
11891
11892
14601
20184
20185
13038
13039
13034
13035
13036
13037
13030
13031
13032
13033
11094
11095
11096
11097
18721
11091
11092
11093
4428
11098
11099
18059
17801
17802
16416
4429
20234
20235
20233
11263
15007
2400
4056
6482
13742
4051
15556
13741
13965
8139
8567
8566
15265
12544
12811
12810
12541
8560
15004
4058
12819
12818
12549
12548
7478
7479
15003
7470
7471
7472
7473
7474
7475
7476
7477
16519
16048
11172
16046
16047
16044
16042
16515
19092
16041
12608
12609
11170
15002
6631
6630
6633
12603
12604
6634
12606
11176
14415
16223
14991
4420
14419
19546
19544
8192
22079
22077
13636
4706
13634
13635
4703
13633
13630
13631
13638
13639
3761
3762
7027
21910
14994
11509
17390
17641
2294
17646
17397
17644
13559
4649
4642
13552
13551
13550
13557
4647
4644
13554
11779
11778
19896
7898
7899
11771
11770
11773
11772
11775
11774
7890
11776
5159
5158
17021
5150
5153
5152
5155
5157
4425
16451
12305
12304
12307
11901
12301
6419
12300
8194
11904
17664
12302
20539
14266
7272
8195
7270
7271
7276
7277
7274
12807
7278
7279
15272
12805
8556
15275
6833
6832
6831
6830
15726
6836
6835
6834
15898
15899
6839
6838
10556
10557
10554
10555
10552
10553
10550
10551
8558
10558
10559
8007
15629
10917
16454
8822
8823
8820
8821
8826
8002
8824
8825
18917
8828
8829
18265
15098
15099
8778
8779
16457
8772
8773
8770
15093
15094
8777
15096
8775
7643
7642
7640
7647
7646
7645
7644
18360
7649
7648
10233
17334
7031
9016
7033
10237
7035
7926
10235
7291
5668
9013
9131
5494
7293
6976
5495
9137
14200
7923
11173
14412
11171
14410
11177
7296
11175
11174
5490
11179
11178
11931
17449
6977
8483
5492
7299
14205
13543
9139
8093
9138
10642
10643
13829
13828
7928
13823
13821
13820
13827
13826
13825
13824
10410
4440
5638
5639
4441
5635
5636
5630
5631
5632
5633
8480
8481
8482
4443
8484
8485
8486
8487
8488
8489
4445
