3382
13357
10611
11543
11541
11546
11547
11548
11549
5988
5989
5982
5983
5980
5981
5986
5987
5984
5985
12441
10613
6796
6797
6794
6795
6792
6793
6790
6791
6798
6799
15368
12018
12014
12017
12016
12012
10709
9528
9529
9258
9259
9256
9257
9254
9527
9520
9521
9522
10704
13277
11749
3519
3518
3513
3512
3511
3510
3517
3516
3515
3514
2688
2689
2684
2685
2686
2687
2680
2681
2682
14627
13058
13050
13056
13054
4526
10693
1170
7188
7189
7180
7181
7182
7183
7184
7185
7186
7187
12831
8549
8548
8019
8018
8545
8544
8015
8014
8541
8012
8011
8010
7456
7457
7454
7455
7452
7453
7450
7451
2743
7458
7459
2742
4596
4597
4594
4733
4595
10884
4844
10887
10881
10882
10883
4598
8291
4847
2318
8290
4735
6534
8292
2039
6532
2038
4738
8294
2315
8297
1987
6531
2308
4729
4728
4725
4724
4727
2302
4721
4720
2307
4722
11289
5846
5845
5844
5843
5842
5841
5840
11283
11284
5849
5848
3748
3749
3746
3747
3744
3745
3742
3743
3740
3741
4620
4621
4622
4623
4624
4625
4626
4627
4628
4629
11999
11755
11752
11751
14536
12871
11012
11990
13287
13285
11992
10513
11997
10469
10391
10392
10393
10394
10395
10396
10397
10398
10399
7218
7219
13545
7210
7211
7212
7213
7214
7215
7216
7217
6217
6216
6215
6214
6213
6212
6211
6210
6219
6218
6819
6818
13542
6811
6810
6813
6812
6815
6814
6817
6816
9757
9756
9755
9754
9753
9752
9751
9750
10574
10575
10576
10577
10570
9759
9758
8848
8849
8840
8841
8842
8843
8844
8845
8847
7669
7661
7660
7663
7662
7665
11845
7667
7666
8919
1769
1762
1761
1766
1767
1764
1765
14344
11194
1543
11110
11112
11115
14474
8710
8711
8712
8713
8715
8716
8717
8718
8719
13843
13849
13848
7881
11763
5618
5619
5612
5613
5610
5611
5616
5617
5614
5615
11765
11568
11569
12748
11560
11563
11564
11567
10252
10696
9524
9526
10700
9252
10706
9250
9523
6778
6779
6774
6775
6776
6777
6770
6771
6772
6773
9964
9965
9966
9967
9960
9961
9962
9963
9968
9969
3580
16230
16721
12039
4665
12032
12036
12034
9508
9509
9502
9503
9500
9501
9504
3689
3688
3583
3683
3682
3681
3680
3687
3686
3685
3684
2518
2519
2514
2515
2516
2517
2510
2511
2512
2513
3531
3530
3533
3532
5058
3534
3537
3536
3539
5055
5056
5057
5050
5051
5052
5053
10761
10763
10765
10764
10767
10766
10769
10768
14642
14645
14649
13893
13070
13074
13890
13076
2157
1981
10185
10184
10187
10186
10181
10180
10183
10182
10189
10188
14012
8746
13595
10043
8112
15113
2770
2306
8035
8034
8037
8036
8031
8030
8033
8032
8039
8038
8529
8528
13566
8523
8522
12853
8520
8527
8526
8525
8524
10388
10430
4299
4298
10169
4295
4294
4297
4296
4291
4290
4293
4292
10432
3570
12235
4749
4748
4743
4742
4741
4740
4747
4746
4745
4744
10435
12236
5869
5868
5865
5864
5867
5866
5861
5860
5863
5862
12232
2183
2182
2181
2180
2187
2186
2185
4609
4606
4607
4604
4605
4602
4603
4600
4601
6907
6906
12239
6905
6904
9292
6903
8687
8684
6900
8134
6458
8688
8137
6187
6186
6185
6184
6183
6909
6181
6180
6908
6189
6188
2727
2726
2725
2724
2723
2722
2721
2720
10821
2729
2728
7944
7237
7234
7235
9195
7233
7230
7943
9199
9198
10374
10375
7948
7949
7238
10371
9744
10562
11500
6239
6238
6235
6234
6237
6236
6231
6230
6233
6232
10565
9743
10518
10519
9779
12109
2297
10512
9774
9777
10511
9771
9770
9773
9772
8866
8867
8864
8865
8862
8863
8860
8861
8868
8869
11767
6366
10698
5267
5266
5265
5264
5263
5262
5261
5260
1708
1709
2097
5269
5268
15856
13402
15852
2091
2090
13443
4576
2092
11136
11135
11133
11131
13408
11139
3029
3028
3027
3026
3025
3024
3023
3022
3021
3020
15581
8738
8739
8736
8737
8734
8735
8732
8733
8731
10573
4198
4199
4196
4197
4194
4195
4192
4193
4190
4191
5670
5671
5672
5673
5674
5675
5676
5677
5678
5679
11640
2160
10234
6437
8193
6435
8191
8196
8197
8194
8195
8198
8199
6439
6438
10690
4685
10309
6758
6759
6752
6753
6750
6751
6756
6757
6754
6755
9942
9943
9940
9941
9946
9947
9944
9945
9949
10692
16745
19240
10342
12051
12050
12053
12054
12057
12059
12058
9372
12268
8900
2538
2539
2532
2533
2530
2531
2536
2537
2534
2535
5078
5079
5072
5073
5070
5071
5076
5077
5074
5075
10302
12850
9560
9564
9565
9566
9567
9568
10746
10745
10744
937
10742
5380
5381
5382
5383
5384
5385
5386
5387
5388
5389
11834
11833
11831
10794
10300
1754
13099
13097
13095
13092
13090
12262
13580
10796
9384
2147
9386
9387
9380
9381
9382
9383
9388
9389
799
2144
4978
4979
2417
1133
1131
2140
2419
9864
2418
7148
7149
7144
7145
7146
7147
7140
7141
7142
7143
10791
4972
2148
8501
8500
8051
8502
8057
8056
8507
8054
8509
8508
8059
8058
10457
2882
5784
7498
7499
2886
2887
2884
2885
7492
7493
2888
2889
7496
7497
7494
7495
23015
28099
1286
1920
1282
1922
1923
1924
3310
1925
1926
4761
1928
4763
4762
4765
4764
4767
4766
4769
4768
11249
11248
11244
1579
11243
5809
5808
5803
5802
5801
5800
5807
5806
5805
5804
10147
11798
11792
11791
11795
11794
10354
10355
10356
10357
2709
2708
10352
2705
4881
4882
4883
4884
2700
2703
4887
7962
7963
7960
10689
7966
7967
9179
7965
9177
9176
7968
9174
9173
9172
10684
9170
6259
6258
12744
6253
6252
6251
6250
6257
6256
6255
12265
10530
10531
10532
10533
10534
10535
10536
10537
10538
10539
8017
9719
9718
8016
9713
9712
9717
8547
9715
9714
3474
3475
3476
3477
3470
3471
3472
3473
18970
8885
8886
8887
3478
3479
8882
8540
8543
8542
15636
11622
7023
5249
5248
1728
9006
5245
1727
5247
5246
5241
7021
1720
5242
13135
6223
13136
13130
15834
7027
13138
10229
7931
9001
7282
9000
10679
3005
3004
3007
3006
3001
3000
3003
3002
7935
14308
3009
7029
7286
1588
3312
7937
3315
7936
1587
1584
3314
7939
3317
7938
8633
3316
9456
9105
9450
9103
9452
5658
5656
5657
5654
5655
5652
5653
5650
5651
13341
4833
6419
6418
6415
6414
6417
6416
6411
6410
6413
6412
7777
7776
7775
7774
7773
7772
7771
7770
7779
7778
3917
3916
3915
3914
3913
3912
3911
3910
3919
3918
6730
8315
8316
8317
8310
8311
8312
8313
6738
6739
8318
8319
2757
9928
9920
9921
9922
9923
9924
9925
9926
9927
8685
11579
11578
3286
6088
6089
6086
6087
6084
6085
6082
6083
6080
6081
11573
3285
11572
12120
2784
3649
3648
3647
3646
3645
3644
3643
3642
3641
3640
2550
2551
2552
2553
2554
2555
2556
2557
2558
2559
11477
11474
11473
11470
11471
11479
5010
5011
5012
5013
5014
5015
5016
5017
5018
5019
4419
4418
4417
4416
13304
4414
13302
4412
4411
4410
9548
9549
9546
9544
9545
9542
9543
9540
912
14827
14825
11815
11816
11817
11810
12838
15152
7169
7162
7163
7160
7161
7166
7167
7164
7165
8079
8078
8071
8070
8073
8072
8075
8074
12893
8076
10088
12165
1447
12166
1443
1119
4589
3707
6331
1805
4859
12162
12200
4585
4584
13618
4855
13619
4854
4581
4852
2301
4851
3705
2300
6525
4850
1803
8269
8634
2305
8264
4723
4789
8265
4787
4786
4785
4784
4783
4782
4781
4780
5821
5820
5823
5822
5825
5824
5827
5826
5829
5828
11261
11267
11266
11265
11264
10009
1801
8632
8631
9674
9677
10109
8630
10456
10455
10454
11983
10101
10100
12798
12796
12794
10332
10333
2769
10331
10336
9150
9153
9152
2763
2762
2761
2760
2767
9158
2765
2764
7908
7909
9488
9483
16959
7902
7903
7904
7905
7906
7907
6271
6270
6273
12243
6275
6274
6277
6276
6279
6278
8883
1183
13534
9731
9730
9733
9732
9735
9734
9737
9736
9739
3452
3453
3450
3451
3456
3457
3454
3455
3458
3459
10586
14148
11852
5229
5228
5223
5222
5221
5220
5227
5226
5225
5224
13110
13115
3063
3062
3061
3060
3067
3066
3065
3064
14492
3069
3068
14367
11184
10015
9819
17128
6206
9814
7578
2597
3260
11601
6479
6478
6473
6472
6471
6470
6477
6476
6475
15365
9241
7759
7758
9536
7755
7754
7757
7756
7751
7750
7753
7752
9534
3939
3938
3935
3934
3937
3936
3931
3930
3933
3932
8332
8333
8330
8331
8336
9247
6718
6719
6716
6717
8338
8339
6712
6713
6710
6711
9906
9907
9904
9905
9902
9903
9900
9901
9908
9909
3264
1604
11088
32250
4044
4045
4046
4047
4040
4041
4042
4043
13759
4049
3665
3664
3667
3666
3661
3660
3663
3662
3669
3668
21837
14691
2578
2579
2576
2577
2574
2575
2572
2573
2570
2571
11453
3593
3592
3591
3590
3597
3596
3595
3594
5036
5037
3599
3598
5032
5033
5030
5031
4435
4434
4437
4436
4431
13321
4433
13323
4439
4438
979
20129
10125
13480
8756
10475
10474
10476
10471
10473
10472
10478
8927
8926
14802
11871
8923
8922
8921
8920
6486
18837
8929
8928
3386
3387
15176
3384
7100
7101
7102
7103
7104
7105
7106
7107
7108
7109
3383
3380
3381
1681
1680
1683
6484
1684
1686
1689
1688
13484
7281
7280
14776
1464
1467
7975
4239
4238
4237
4236
4235
4234
4233
4232
4231
4230
5591
5590
5593
5592
5595
5594
5597
5596
5599
5598
13699
11200
11202
11205
11204
11207
11206
11208
12227
12225
7971
13908
12221
10718
10719
8699
4673
12677
8698
2299
2298
6934
2293
2292
2291
2290
7288
2296
2295
12670
6642
8694
12672
8697
6912
6939
10343
8691
10120
8690
10916
10917
10914
16162
10912
8121
8139
8692
10918
9133
7927
7292
7925
7922
9136
7920
7921
10310
7299
10312
10645
10314
10315
10316
7929
6299
6298
6297
6296
6295
6294
6293
6292
6291
6290
10340
10347
3438
3439
4936
879
3430
3431
3432
3433
3434
3435
3436
3437
2741
2740
4590
4591
2745
4849
2747
2030
2749
4845
4846
4599
4840
4841
4842
4843
4937
5201
5200
5203
5202
5205
5204
5207
5206
5209
5208
10345
14160
14167
11994
14165
11996
1911
13411
13171
13416
13175
13174
11191
11190
11192
11195
14342
11196
14348
3049
3048
11626
3041
3040
3043
3042
3045
3044
3047
3046
4568
1913
1912
10027
1327
1914
8682
8683
6453
6452
8686
6454
6901
6456
6459
8135
8136
8689
8130
8131
8132
8133
1917
11625
7739
7738
7733
7732
7731
7730
7737
7736
7735
7734
3959
3958
3953
3952
3951
3950
3957
3956
3955
3954
8358
8350
8351
8352
8353
8354
8355
8356
8357
3333
1966
4062
4063
4060
4061
4066
4067
4064
4065
4068
4069
7664
10021
5785
5786
5787
5780
5781
5782
5783
5788
5789
3603
3602
3601
3600
3607
3606
3605
3604
3609
3608
12161
11439
11432
11430
11431
11436
4453
4452
4451
4450
4457
4456
4455
4454
12163
4459
4458
1859
9645
6334
6335
6336
6337
6330
12160
6332
6333
6338
6339
10453
9675
9676
10450
9670
10108
9672
9673
10105
10104
10107
10106
9678
9679
10102
12097
11858
11859
2171
8909
8908
8905
12091
8907
11853
8901
11855
8903
8902
2175
7128
7129
7126
7127
7124
7125
7122
7123
7120
7121
4964
6068
12168
4960
1663
1662
1661
13386
2607
2828
2829
2824
2825
2826
2827
2820
2821
2822
2823
5414
5415
5416
5417
5410
5411
5412
5413
13387
14756
5418
5419
3388
3389
5794
5793
1407
1406
3963
4215
4214
4217
4216
4211
4210
4213
4212
3961
4219
4218
1933
1492
5579
5578
5577
5576
5575
5574
5573
5572
5571
5570
5799
14470
5128
5798
1936
3267
3266
3269
3268
11227
11226
11225
11224
11223
10789
11221
10788
12477
5123
9535
13381
3200
9533
12758
12759
6107
6106
6105
6104
6103
6102
6101
6100
10938
10934
10935
10936
10937
10931
10932
10933
9119
9118
9449
9448
9111
9110
9113
9112
9443
9114
9117
9440
12284
12285
12281
12283
7959
8008
6109
6108
13237
14282
3416
3417
3414
3415
3412
3413
3410
8023
1931
8532
3418
3419
8533
12820
8535
10664
10665
4868
4869
10660
8536
10662
10663
4862
4863
4860
8025
4866
4867
2013
4865
14103
14106
1937
33369
10259
5161
3335
10590
10591
10596
10597
10594
10595
10598
10599
7018
4892
7019
7016
7017
10253
7015
10255
10254
9447
1592
10257
9446
10256
9445
9444
9115
9442
9441
12996
9116
1348
1939
9804
8118
8119
6929
6928
6925
8113
8110
6926
6921
8117
6923
6922
7711
7710
7713
7712
7715
7714
7717
7716
7719
7718
9290
13319
8376
8377
8374
8375
8372
8373
8370
8371
8378
8379
11126
12271
4008
4009
8141
4001
13713
4003
4004
4005
4006
4007
3971
3970
3973
3972
3975
3974
3977
3976
3979
3978
3629
3628
3621
3620
3623
3622
3625
3624
3627
3626
11410
11412
8143
13995
11416
11417
11418
11419
4520
4479
4478
4471
4470
4473
4472
4475
4474
4477
4476
9458
2464
2465
2466
2460
2461
2462
2463
2468
2469
9459
7897
809
6312
6313
12141
6311
6316
6317
6314
12144
6318
6319
6442
3411
10439
10438
9651
9308
9657
9654
9655
10123
9305
10433
9307
9300
10126
10437
10124
9454
8968
8963
8962
8961
8960
8967
8965
8964
9455
6441
1644
1646
1640
1642
1649
8534
2808
2809
2802
2803
2800
2801
2806
2807
2804
2805
5432
5433
5430
5431
3368
5437
5434
5435
3364
3365
5438
3367
3360
6325
3362
10667
2019
6322
4273
4272
4271
4270
4277
4276
4275
4274
9451
4279
4278
5555
5554
5557
5556
5551
5550
7926
5552
18129
5559
5558
4861
10668
2010
8589
8588
4864
8581
8580
8583
8582
8585
8584
8587
8586
6440
9453
9079
5883
5882
5881
5880
5887
5886
5885
5884
5889
5888
6554
6555
6556
6557
6550
6551
6552
6553
6558
6559
12422
11290
5879
7504
9886
7506
7507
9883
7501
9881
7503
7508
7509
9889
9888
11071
10118
11077
6125
6124
6127
6126
6121
6120
12772
10117
14555
6129
6128
10440
10113
10958
10959
9669
10950
10951
10957
10954
10955
4415
4633
2191
4631
4630
2259
2258
2257
4637
2255
2254
2253
2252
2251
2250
3224
4635
2197
4800
4801
4802
4803
2781
4805
4806
4807
4808
4809
2788
11605
10603
10600
11606
10606
11600
9463
10605
2073
2071
2070
2077
11608
2075
2074
11959
11958
11954
11957
11956
14123
11950
11952
9793
9792
9791
9790
9797
9796
9795
9794
9799
9798
8791
14382
5739
15527
10566
12979
15656
12975
12972
12971
7081
7080
7083
7082
7085
7084
7087
7086
7089
7088
7584
9806
7586
8170
6494
8172
6496
6491
8175
6493
8177
8204
8179
6499
6498
7581
6949
6948
9801
6943
6942
6941
NULL
6947
6946
6945
6944
8906
8398
8399
8394
8395
8396
8397
8390
8391
8392
8393
4398
4399
4390
4391
4392
4393
4394
4395
4396
4397
3197
3196
3195
1365
3193
3192
3191
3190
3199
3198
15443
4026
4027
4024
4025
4022
4023
4020
4021
4028
4029
11380
11382
11383
11384
11385
11386
11388
3999
3998
3997
3996
3995
3994
3993
3992
3991
3990
2027
8553
13721
5487
2442
2440
2446
2447
2444
2445
2448
2449
7867
7866
7865
7864
7863
7862
7861
7860
12521
8556
9511
7869
7868
12523
6378
6379
12121
6371
6372
6373
6374
6375
6376
6377
10417
10416
10143
10142
10145
10144
10411
10146
10149
10148
10419
10418
9639
9328
9329
8554
9631
9632
9321
9326
9327
9324
9637
8941
8940
8943
8942
8945
8944
8947
8946
8949
8948
5407
3390
3393
3392
3395
5109
3394
3207
1990
5180
3204
5186
1626
5184
1996
1999
5188
5189
3209
3208
9182
5059
2860
2861
2862
2863
2864
2865
2866
2867
2868
2869
5054
14712
14245
14243
3538
5458
5459
3348
3349
5450
5451
5452
5453
5454
5455
5456
3345
10363
9191
10362
2406
4259
4258
4251
4250
4253
4252
4255
4254
4257
4256
5533
5532
5531
5530
5537
5536
5535
5534
5539
5538
4262
6572
6573
6570
6571
6576
6577
6574
6575
6578
6579
7694
7695
7696
7697
7691
7692
7693
7698
7699
3834
3835
3836
3837
3830
3831
3832
3833
3838
3839
12219
5106
12669
7522
7523
7520
7521
7526
7527
7524
12667
7528
7529
6655
6143
6142
6141
6140
6147
6146
6145
6924
6149
6148
6927
10970
10971
10972
8111
10974
10975
8116
6920
8114
8115
2196
18546
3203
2275
2274
2277
2276
2271
2270
2273
2272
2279
2278
11593
5543
6328
9768
2051
2050
2053
9769
4538
4539
4828
4829
4826
2058
4824
4825
4530
4531
4820
4533
9403
7981
7982
7983
9407
7985
9405
7987
7988
7989
9409
10623
10624
10625
10626
10230
2095
11971
11976
13198
2094
13190
13196
13194
4558
14368
13427
13425
7324
7325
7326
7327
7320
7321
7322
7323
10084
10085
10086
10087
7328
7329
10082
10083
12954
12951
12953
12958
11238
8850
7069
7068
7067
7066
7065
7064
7063
7062
7061
7060
11684
6961
6960
6963
6962
6965
6964
6967
8159
8624
8157
8154
8627
8152
8621
8622
8151
11231
9988
9989
9986
9987
9985
9982
9983
9980
9981
11025
11027
11026
11020
11022
10236
11028
11366
11367
11365
11362
5274
1774
7224
1776
1770
5273
5462
9102
5465
6688
6689
6680
6681
6682
6683
6684
6685
6686
6687
2428
2429
2421
2422
2423
2424
2425
2426
2427
7849
7848
16342
7845
7844
7847
7846
7841
7840
7843
7842
12107
6357
6354
6355
6352
6353
6350
6351
6358
6359
3461
9616
9617
9614
9343
9612
9345
9346
9347
10167
9349
10165
10164
10163
10162
9618
10160
5469
1815
1816
1817
1810
1812
1813
14885
4120
12892
12080
12081
2165
2164
4950
9630
1609
1608
4951
3229
3228
1979
1978
3225
1976
3227
3226
3221
3220
1971
3222
4000
13274
4954
4955
4002
13278
13279
2848
2849
2846
2847
2844
2845
2842
2843
2840
2841
5476
3321
3322
5475
3324
3325
5470
3327
3328
3329
5478
5479
12424
5519
5518
5511
5510
5513
5512
5515
5514
5517
5516
7347
1559
7342
11100
10799
11101
7340
10029
11107
5137
5136
11105
5135
6518
6519
1905
6510
6511
6512
6513
6514
6515
6516
6517
10792
5130
9778
3812
3813
3810
3811
3816
8705
3814
3815
3818
3819
8457
8456
8455
8454
8453
8452
8451
8450
8459
8458
7548
7549
7540
7541
7542
7543
7544
7545
7546
7547
13853
16135
16645
6169
6168
6161
6160
6163
6162
6165
6164
6167
6166
10999
10992
10993
10991
10080
11414
2213
2212
2211
2210
2217
2216
2215
2214
10081
2219
2218
12589
12763
12762
12455
6136
12766
12765
12582
8521
4518
4519
4512
4513
4510
4511
4516
4517
4514
4515
11649
9428
12857
11641
9420
9422
9425
11644
9427
5289
5288
5281
5280
5283
5282
5285
5284
5287
5286
7001
9024
10240
7302
7303
7300
10241
9289
7307
7304
7305
9285
10246
9287
7309
9281
9280
9283
9020
10244
6407
10245
10060
9477
10206
10207
7047
7046
7041
7040
7043
7042
7049
7048
10208
10209
9108
8022
8608
8609
6989
6988
8602
8603
8600
8601
6983
6982
8604
6980
9109
2989
2988
9493
2983
2982
2981
2980
2987
2986
2985
2984
9107
8021
4358
4359
4354
4355
4356
4357
4350
4351
4352
4353
11003
11000
11007
11006
11009
11008
9104
433
9496
11345
11340
11342
11343
11348
11349
5708
5709
5704
5705
5706
5707
5700
5701
5702
5703
9251
15335
12457
12451
12450
12453
15783
13986
13980
13981
1432
12696
12695
12691
12698
10835
10837
10836
10831
10830
10833
10832
10838
1050
9652
7829
7828
7823
7822
7821
7820
7827
7826
7825
7824
9653
4926
1431
9368
9369
9366
9367
9364
9365
9362
9363
9360
8985
8984
8987
8986
8980
8983
8982
8989
8988
1832
1833
1830
1831
3799
3798
1834
1835
3795
3794
3797
3796
3791
3790
3793
3792
2154
4980
4983
2405
4985
2403
4987
2401
4989
4988
2158
2159
2408
2409
1991
1957
1956
1951
7332
1952
1959
1958
14061
3249
3248
3243
3242
3241
3240
3247
3246
3245
3244
13254
13256
13250
12502
1993
1482
5498
5499
3308
3309
3306
3307
5496
3305
5490
3303
3300
5493
12143
12142
1992
6310
12140
12146
6315
10619
10618
2790
2063
8242
2796
2065
2794
9658
1223
13676
6536
6537
8293
6535
9659
6533
6530
8296
8299
8298
8240
6538
6539
8241
8246
8795
8796
8797
3878
3879
3870
3871
3872
3873
3874
3875
3876
3877
8479
8478
8475
8474
8477
8476
8471
8470
8473
8472
7566
7567
7564
7565
7562
7563
7560
7561
7568
7569
10128
9656
10431
10122
10121
4167
4166
4165
4164
4163
4162
4161
4160
10127
4169
4168
9302
10436
15968
2239
2238
2231
2230
2233
2232
2235
2234
2237
2236
5937
5936
5935
5934
5933
5932
5931
5930
8128
5938
4608
3498
3499
3496
3497
3494
3495
3492
3493
3490
3491
4570
4571
4572
4573
4574
4575
2093
4577
4578
4579
2099
2098
11666
11664
11662
11661
11660
13513
8969
11668
9786
8125
11309
8124
10025
11300
5749
11302
7368
7369
13327
7360
7361
7362
7363
7364
7365
7366
7367
9010
12310
11937
11935
12318
11930
3332
12912
12914
12916
9007
7022
9005
7020
10228
9002
7025
7024
10225
10226
7028
10220
10221
9009
9008
9832
10068
7595
3330
7594
9836
9837
7799
7798
4241
7591
7791
7790
7793
7792
7795
7794
7797
7796
12247
9125
15433
4378
4379
4372
4373
4370
4371
4376
4377
4374
4375
11069
13602
11061
11060
11063
11062
11065
11064
14547
8660
8661
8662
8663
8664
8665
8666
8667
8668
8669
3334
4080
4081
4082
4083
4084
4085
4086
4087
4088
4089
11322
11320
11321
11326
11327
11325
11328
1577
5728
5729
5722
5723
5720
5721
5726
5727
5724
5725
14739
11490
11492
11493
11494
11495
11496
11497
8084
8085
8086
8087
8080
8081
8082
8083
8088
8089
13605
12446
6648
6649
8003
6644
6645
6646
6647
6640
6641
12673
6643
10811
10810
10817
10815
10814
10819
10818
6182
7801
7800
7802
7805
7804
7807
7806
7809
7808
11239
6398
6399
6392
6393
6390
6391
6396
6397
6394
6395
2396
2397
2394
2395
2392
2393
2390
2391
2398
2399
3841
3840
1850
1851
1852
1853
1854
5690
1856
1857
2172
2173
2170
3842
2176
2177
2174
4968
4967
4966
4965
2179
4963
4962
4961
3844
12440
5694
3846
14738
3261
1932
3263
3262
3265
5129
1935
1934
5124
5125
5126
5127
5120
5121
5122
3369
7236
9190
9193
1429
7947
7232
3366
9194
5439
7942
7231
3361
10376
10377
12458
10372
10373
10370
7239
9671
6886
6887
6884
6885
6882
6883
6880
6881
6888
6889
13962
1202
8279
8278
8277
8275
8274
8273
8272
8271
8270
10772
10770
12208
12209
10774
9512
12659
2059
8419
8418
8413
8412
8411
8410
8417
8416
8415
8414
7588
7589
9809
9808
9807
7585
9805
7587
9803
9802
7582
7583
12653
5553
6667
6950
6951
12654
6480
6481
4149
4148
4145
4144
4147
4146
4141
4140
4143
4142
3856
3857
3854
3855
3852
3853
3850
3851
6957
3858
3859
9337
13967
5919
5918
5915
5914
5917
5916
5911
5910
5913
5912
9775
13429
4559
4556
4557
4554
4555
4552
4553
4550
4551
9776
11689
11688
11685
10516
11686
11683
10514
14982
14987
6077
6076
6075
6074
6073
6072
6071
6070
6079
12089
2617
2616
2615
2614
2613
2612
2611
2610
2619
2618
7346
13430
7344
7345
10798
7343
10028
7341
10026
10795
10024
10797
10022
10023
7348
7349
12336
12337
12331
7009
7008
10248
10249
9029
9028
9025
7000
9027
7002
9021
7004
7007
9022
740
2949
2948
2947
2946
2945
2944
2943
2942
2941
2940
5357
5356
5355
5354
5353
5352
5351
5350
1182
5359
5358
4310
4311
4312
4313
4314
4315
4316
4317
4318
4319
11047
11046
18022
11042
14569
3119
3118
3117
3116
3115
3114
3113
3112
3111
3110
8648
8649
8646
8647
8644
8645
9323
8643
8640
8641
12730
5740
5741
5742
5743
5744
5745
5746
5747
5748
11301
9320
11303
11305
11306
7308
1700
12732
1702
1704
12536
12530
12538
2136
16091
6668
6669
6662
6663
6660
6661
12656
6664
6665
10878
10871
10870
10875
10874
10877
2134
9127
2378
2379
2374
2375
2376
2377
2370
2371
2372
2373
21940
1876
1877
1874
1872
1873
1871
1878
1879
4945
4944
4947
4946
4941
4940
4943
4942
4949
4948
2118
2130
2110
2111
2112
2113
2114
2115
2117
14023
14020
9306
14028
11395
1918
5108
11394
2131
3289
3288
5102
5103
5100
3284
3283
5107
3281
5105
13210
6049
13217
13702
10499
10498
10497
10496
10495
10492
10491
18233
2621
11399
12074
9887
7505
9885
9884
7500
9882
7502
9880
6868
6869
6864
6865
6866
6867
6860
6861
6862
6863
9583
7353
7352
9586
9587
8255
8254
8257
8256
8251
8250
8252
665
9585
8259
8258
3287
8789
8788
7358
8783
8782
8781
8780
8787
8786
8785
8784
5101
7618
7619
7614
1915
7616
7617
7610
7611
7612
7613
5240
5104
3280
8431
8430
8433
8432
8435
8434
8437
8436
8439
8438
9825
9824
9827
9820
9823
9822
9829
9828
9143
12776
8040
6123
14059
8517
6122
8042
12597
8512
8513
4129
4128
9141
8510
4123
4122
4121
8511
4127
4126
4125
4124
5689
5688
5685
5684
5687
5686
5681
5680
5683
5682
13864
13862
13561
9147
11519
11518
11517
11513
11512
15292
5979
5978
5973
5972
5971
5970
5977
5976
5975
5974
9145
13432
2587
2586
2585
2584
2583
2582
2581
2580
2589
2588
6059
6058
6055
6054
6057
6056
6051
6050
6053
6052
10004
10005
10006
10007
2639
2638
10002
10003
2635
2634
2637
2636
2631
2630
2633
2632
9599
9598
9229
9228
9227
9594
9597
9224
9223
9590
9221
9220
9226
12353
12351
9225
12355
10260
10261
10262
10263
10264
10265
10266
10267
10268
10269
5401
9049
2079
9043
9042
9041
9040
9047
9046
9045
9044
3544
3545
3546
3547
3540
3541
3542
3543
3548
3549
13456
2965
2964
2967
2966
2961
2960
2963
2962
5847
2969
2968
5379
5378
5375
5374
5377
5376
5371
5370
5373
5372
13004
13003
13002
9274
4904
4339
4336
4337
4334
4335
4332
4333
4330
4331
3135
3134
3137
3136
3131
3130
3133
3132
3139
3138
13375
7248
8742
10489
5768
5769
5766
5767
5764
5765
5762
5763
5760
5761
4636
15189
9304
8192
12447
8190
6434
2256
6433
6432
12518
6431
5187
12516
6430
12510
12511
7427
7426
7425
7424
7423
7422
7421
7420
7429
7428
16382
6600
6601
6602
6603
6604
12634
6606
6607
6608
12638
10857
10856
10855
1624
10853
10859
10858
14151
1042
1041
9301
4638
12186
12184
12183
12182
12181
2358
2359
2352
2353
2350
2351
2356
2357
2354
2355
1898
1899
3739
3738
3737
1895
3735
3734
3733
3732
1892
3730
4691
4690
4921
2135
4927
2133
4925
4924
4699
4698
4929
4928
2138
2139
11726
11727
11724
11725
9413
11728
5160
2785
5162
5163
5164
5165
5166
5167
5168
5169
2787
2786
4804
2780
4776
2783
13646
2782
10707
9699
9696
9694
9695
9692
9693
9690
9691
10602
9464
9467
9466
9461
10607
1799
11603
1267
1791
9462
1797
1796
1795
6848
6849
6842
6843
6840
6841
6846
6847
6844
6845
11051
12150
9468
6303
18257
6590
8232
6592
6593
6594
8236
6596
6597
6598
6599
8239
8238
13517
14578
14579
7638
7639
7632
7633
7630
7631
7636
7637
13516
7635
10777
9843
9842
9841
9840
9847
9846
9845
9844
9849
9848
10629
3092
3093
3090
3091
3096
3097
3094
1530
1249
3098
3099
1539
4101
4100
4103
4102
4105
4104
4107
4106
4109
19241
9315
10421
9164
9641
9312
3898
3899
9643
3892
3893
6987
9642
3896
3897
3894
3895
6986
8741
5951
5950
11539
5952
5955
5954
5957
5956
5959
5958
11535
13502
13503
13505
13507
6039
6038
6033
6032
6031
6030
6037
6036
6035
6034
9205
10063
9207
2658
9201
9200
10064
9202
2653
2652
2651
2650
2657
2656
2655
2654
7388
7389
9417
7382
7383
7380
7381
7386
7387
7384
7385
12370
12372
10572
12377
12378
12379
9061
9060
9063
9062
9065
9064
9067
9066
9069
10287
10284
10285
10282
10281
3562
3563
3560
3561
3566
3567
3564
3565
3568
3569
4484
4485
4486
4487
4480
4481
4482
4483
2489
4488
4489
2903
2902
2901
2900
2907
2906
2905
2904
2909
2908
11883
11887
11885
17088
14617
5319
5318
5313
5312
5311
5310
5317
5316
5315
5314
13023
13027
2487
13029
1630
1631
1984
3153
3152
3151
3150
3157
3156
3155
3154
1634
3159
3158
11087
1983
1980
10747
1637
13359
10649
2483
9419
15014
8574
8575
8576
8577
8570
8571
8572
8573
8578
8579
10743
2015
12572
15254
15255
7409
7408
7405
7404
7407
7406
7401
7400
7403
7402
2815
12249
6628
12618
6626
6627
6624
6625
6622
6623
6620
6621
2017
2016
15222
15019
2011
4714
4715
2332
2333
4710
4711
2336
4713
2338
2339
12504
4718
4719
10641
3715
3714
3717
3716
3711
3710
3713
3712
3719
3718
12976
8189
4909
4908
4679
4678
2486
4900
4675
2485
2482
4672
2480
4906
11708
11709
2012
11702
5148
5149
5146
5147
5144
5145
5142
5143
5140
5141
7957
7956
7223
3377
7954
10724
5424
7953
3375
9169
5426
7227
3373
7014
7226
2076
5420
7229
3371
9165
5422
9166
7247
7246
7245
7244
7243
7242
7241
7240
10695
7249
10346
9162
9163
6820
6821
6822
6824
6825
6826
6827
6828
6829
10545
10544
10547
10546
10541
10540
10543
10542
10549
10548
12644
1902
8817
8816
8815
8814
8812
8811
8810
14939
10403
8819
8818
8219
6495
8749
8748
8211
8210
8213
8744
8215
8214
8217
8740
7650
7651
7652
8173
7654
7655
7656
7657
7658
8174
6490
8176
6492
12649
8178
13955
10748
9869
9868
9569
9861
9860
9863
9862
9865
931
9867
9866
11146
14424
11145
11142
11143
11140
11141
2542
10407
1519
1518
1514
1511
1510
1513
13818
13812
6940
15476
11836
11553
11557
11559
3396
10601
6969
6968
13884
6807
6011
6010
6013
6012
6015
6014
6017
6016
6019
6018
14995
17240
9263
10049
9261
9260
9267
9266
9265
9264
10736
10041
9269
9268
10044
10733
10046
10047
12398
12399
12391
9089
9088
9087
9086
9085
9084
9083
9082
9081
9080
3508
3509
5089
5088
5083
3501
5081
3503
5087
5086
5085
3507
2671
2670
2673
2672
2675
2674
2677
2676
2679
2678
2929
2928
2921
2920
2923
2922
2925
2924
2927
2926
5331
5330
5333
5332
5335
5334
5337
5336
5339
5338
14634
13041
13043
13045
2178
3179
3178
2037
3171
3170
3173
3172
3175
3174
3177
3176
727
1623
1367
2034
3194
1362
1713
1360
9385
2033
9235
12806
12551
8550
8551
12802
8009
15276
8555
8004
8005
8558
8007
8000
8001
8002
5257
1715
2032
7469
7468
7463
7462
7461
7460
7467
7466
7465
7464
5259
10061
1869
1868
10899
10893
13353
10891
10897
10896
10895
4930
4687
4684
13594
4682
4683
4732
13737
4730
4731
4736
4737
4734
2319
2316
2317
13609
4739
2312
2313
2310
2311
5854
5855
5856
5857
5850
5851
5852
5853
13733
5858
5859
3773
3772
3771
3770
3777
3776
3775
3774
3779
3778
4655
4654
4657
4656
4651
4650
4653
4652
4659
4658
9322
7889
7888
11769
11762
7880
7883
7882
7885
7884
11764
7886
2107
7036
11123
14446
11127
10387
10386
10385
10384
10382
10381
10380
10000
10389
10001
7269
7268
7265
7264
7267
7266
7261
7260
7263
7262
6204
6205
12237
6207
6200
6201
6202
6203
6208
6209
6808
6809
6806
10008
6804
6805
6802
6803
6800
6801
10563
9745
9746
9747
10567
9741
9742
10564
10569
10568
9748
9749
8839
8838
8835
8834
8837
8836
8831
8830
8832
9595
7678
7679
7676
7677
7674
7675
7672
7673
7670
7671
9596
9591
9222
9593
1759
1757
1756
9592
1753
1751
13332
10242
8722
11168
11169
12700
11166
14400
12703
11162
11163
8765
8764
8767
8766
8760
8763
8762
1573
1571
1570
8769
8768
1575
12704
8053
13836
12707
8052
13838
8503
8050
8505
8504
8055
5629
5628
5627
5626
5625
5624
5623
5622
5621
5620
8493
8492
8491
8490
8497
8496
8495
8494
8499
8498
13872
13873
5994
5997
5996
5991
5990
5993
5992
11576
11574
5999
5998
10960
10247
4677
6781
6780
6783
6782
6785
6784
6787
6786
6789
6788
10666
2883
2880
2881
19963
12008
12009
12006
12005
12000
7490
7491
9539
9538
9537
9240
9243
9242
9245
9532
9531
9530
2155
3698
3699
3690
3692
3693
3694
3695
3696
3697
10089
4671
3526
3527
3524
3525
3522
3523
3520
3521
3528
3529
2768
4670
10714
10715
10716
10717
10710
10711
2699
2698
2697
2696
2695
2694
2693
2692
2691
2690
14657
13067
13062
13060
10178
2153
27543
4535
1361
10669
1140
4537
7199
7198
7193
7192
7191
7190
7197
7196
7195
7194
12472
10422
6400
8538
8539
8028
8029
8530
8531
8020
12827
8026
8027
8024
8537
7441
7440
7443
7442
7445
7444
7447
7446
7449
7448
10423
6408
8186
10509
4282
4283
4280
4281
4286
4287
4284
4285
4288
4289
12116
10171
12117
4758
4759
10427
1369
4750
4751
4752
4753
4754
4755
4756
4757
5872
5873
5870
5871
5876
5877
5874
5875
11292
5878
11291
11294
11295
3759
3758
3751
3750
3753
3752
3755
3754
3757
3756
2190
4632
2192
2193
2194
2195
13524
4634
2198
7590
4639
1071
10425
11741
11743
11744
11745
11747
15236
2046
2047
4811
2641
2045
13290
2042
13297
13650
2040
4760
2041
6194
6195
6196
6197
6190
6191
6192
6193
6198
6199
13655
2734
2735
2736
2737
2730
2731
2732
2733
2738
2739
9184
9185
10369
10368
9180
9181
10365
10364
10366
10360
9188
9189
11616
7208
4338
9411
7203
7202
7201
7200
7207
7206
7205
7204
6222
12212
6220
6221
6226
6227
6224
6225
6228
6229
11613
9416
10638
9762
6370
9760
9761
9766
9764
9765
10500
10503
10502
10505
10504
10507
10506
12122
8859
8858
12127
8853
8852
8851
12126
8856
8855
8854
10140
11240
10414
13450
10412
1775
5275
5276
5277
5270
5271
5272
1772
10410
5278
5279
10318
11947
10319
9286
11108
11109
3038
3039
3034
3035
3036
3037
3030
3031
3032
3033
8703
8702
8701
8700
8707
8706
15597
8709
8708
16200
5605
5604
5607
5606
5601
5600
5603
5602
5609
5608
9633
9634
9635
9636
9325
4693
10683
6424
6425
6426
6427
6420
6421
6422
6423
6428
6429
10227
4694
6769
6768
6767
6766
6765
6764
6763
6762
6761
6760
9977
9976
9975
9973
9972
9971
4697
1685
9979
9978
12025
10222
9855
10685
10223
2509
2508
2507
2506
2505
2504
2503
2502
2501
2500
1712
5049
5048
5047
5046
5045
5044
5043
5042
5041
5040
9515
9514
9517
9516
10776
9510
9513
10775
10779
9519
9518
11825
11827
11821
13087
13086
13081
0
10058
5182
3206
3205
5181
1995
3202
10196
10197
10194
10192
3201
10190
10191
5185
10199
10056
1125
10055
15107
15104
15103
7980
8516
8041
8514
8515
8044
8045
8046
8047
8048
8049
8518
8519
12840
2520
2261
10151
10510
10444
13647
4777
4774
4775
4772
4773
4770
4778
4779
5818
5819
5810
5811
5812
5813
5814
5815
5816
5817
4888
4889
10854
17343
4619
4618
4611
4610
4613
4612
4615
4614
4617
4616
18372
12940
4880
2707
2706
35722
2701
4885
4886
2702
3342
3343
3340
2712
2713
2710
2711
2716
2717
2714
2715
3346
2718
2719
3347
7221
7220
7955
7222
7225
7952
7951
7950
10691
7228
10341
9167
9160
10680
10697
7958
10681
10686
10687
6248
6249
9171
6240
6241
6242
6243
6244
6245
6246
6247
10527
10526
10524
10523
10522
10520
10528
9708
9709
9700
9701
9702
9703
9704
9705
9706
9707
8871
8870
8873
8872
8875
8874
8877
8876
8879
8878
7924
12633
13315
12632
7615
13314
12635
6605
8163
13316
12637
6977
11298
6974
13310
12639
8160
6609
8167
6973
5252
5253
5250
5251
5256
6970
5254
5255
5258
8164
9571
31127
11120
11121
11122
14443
11124
11125
18345
12263
11128
11129
3018
3019
10204
3012
3013
3010
3011
3016
3017
3014
3015
8729
8728
8721
8720
8723
6254
8725
8724
8727
8726
4189
4188
4181
4180
4183
4182
4185
4184
4187
4186
5663
5662
5661
5660
5667
5666
5665
5664
12139
5669
11501
11801
10203
11800
10330
6402
6403
12471
6401
6406
8188
6404
6405
8185
8184
8187
6409
8181
8180
8183
8182
7764
7765
7766
7767
7760
7761
7762
7763
7768
7769
3904
3905
3906
3907
3900
3901
3902
3903
3908
3909
6745
6744
6747
6746
6741
6740
6743
6742
6749
6748
10337
9716
9959
9958
9954
9957
9956
9951
9950
9953
9952
10334
12042
12043
12041
8888
10335
8889
2744
8880
8881
12187
3658
3659
3654
3655
3656
3657
3650
3651
3652
3653
2525
2524
2527
2526
2521
2746
2523
2522
2529
2528
11465
11464
11467
11460
11469
5065
5064
5067
5066
5061
5060
5063
5062
5069
5068
17401
2748
10070
12134
4408
4409
4404
4405
4406
4407
4400
4401
4402
4403
9573
9572
10786
9570
9574
10750
10751
9578
10754
10755
10756
10757
5393
5392
11809
5390
5397
5396
5395
5394
11803
5399
5398
11807
11805
12826
9397
9395
9394
9393
9392
9391
9390
9399
9398
15049
15048
1719
7159
7158
7157
7156
7155
7154
7153
7152
7151
7150
12860
8068
8069
8066
8067
8064
8065
8062
8063
8060
8061
7485
7484
7487
7486
7481
7480
7483
7482
7489
7488
6595
2899
2898
2895
2894
2897
2896
2891
2890
2893
2892
1456
1457
5244
1722
8898
3736
13591
3731
1893
4923
10243
2137
13582
8607
4692
4798
4799
4794
4695
4796
4797
4790
4791
4792
4793
5836
5837
5834
5835
5832
5833
5830
5831
11256
11257
4696
11252
11253
5838
5839
4035
4037
8605
11784
11785
11787
11781
11782
11783
2668
6902
6497
2669
11710
12789
12788
12781
14307
12785
12784
10321
2779
4899
10322
10325
10324
10327
10326
4893
2771
2772
2773
2774
2775
4895
2777
9498
9499
9140
9149
7979
7978
16412
9490
9491
9492
7976
9494
9495
9144
7972
6266
6267
6264
6265
6262
6263
6260
6261
6268
6269
14000
10078
9727
9724
9725
9722
9723
9721
7525
9728
9729
4903
3467
3466
3465
3464
3463
3462
8899
3460
8897
8896
8895
8893
8892
3469
3468
4902
1583
4905
5238
5239
5230
1730
5232
5233
5234
5235
5236
5237
2404
13121
3070
3071
3072
1596
3074
3075
1593
3077
3078
18320
14310
12713
2402
12711
12714
6144
5649
5648
6629
5641
5640
5643
5642
5645
5644
5647
5646
2400
12868
10973
6468
6469
6460
6461
6462
6463
6464
6465
6466
6467
7743
7740
7741
7746
7747
7744
7745
7748
7749
3922
3923
3920
3921
3926
3927
3924
3925
3928
3929
8307
8306
6721
8304
6727
8302
6725
6724
10299
6729
6728
8309
10298
9933
9932
9931
9930
9937
9936
9935
9934
4822
16771
6099
6098
10293
6091
6090
6093
6092
6095
6094
6097
6096
10350
10351
3678
3679
3672
3673
3670
3671
3676
3677
3674
3675
2543
4821
2541
2540
2547
2546
2545
2544
2549
2548
11443
11441
11447
11446
11445
11444
3297
11449
11448
5003
5002
3582
5000
3584
3585
3586
3587
3588
3589
5009
5008
12594
11618
14924
8747
4428
4429
1555
4422
4423
4420
4421
4426
4427
4424
4425
9559
9558
14923
3291
9551
13492
9553
9552
9555
9554
9557
9556
3292
12800
8642
12590
10358
8743
10359
14817
8935
8936
8937
8930
8931
11867
8933
11869
8938
8939
7175
7174
7177
7176
7171
7170
7173
7172
7179
7178
1696
1697
1695
1692
1693
8629
12887
15900
12469
14765
14760
1473
1471
1475
1478
12467
4228
4229
4224
4225
4226
4227
4220
4221
4222
4223
5586
5587
5584
5585
5582
5583
5580
5581
5588
5589
2145
1069
11274
11275
11276
13688
11270
11271
11272
13682
11278
11279
5300
4922
2288
2289
2280
2282
2283
2284
2285
2287
2052
4920
2054
8314
2057
6731
8623
2056
6732
4534
10907
6733
10901
17304
4827
6734
10909
4536
6735
9120
9121
9122
9123
9124
6736
9126
6591
10655
10306
10657
10304
10303
8231
10301
4823
7919
7918
15515
4532
4795
7913
7912
7911
7910
7917
7916
7915
7914
10628
6288
8235
9402
6284
6285
6286
8234
6280
6281
6282
6283
8506
9400
9406
7986
4325
4592
12131
3449
3448
3445
3444
3447
3446
3441
3440
3443
6078
2756
4593
2754
2755
2752
2753
2750
2751
10627
2028
2029
2758
2759
9335
10153
14599
10402
5216
5217
5214
5215
5212
5213
5210
5211
10156
11251
5218
5219
9332
13108
13109
13106
13101
3058
3059
3056
3057
3054
3055
3052
3053
3050
3051
9970
7634
9622
15687
1314
1313
1311
1310
10010
6446
6915
6916
6917
15421
6911
12431
6913
6918
6919
6448
6449
7728
7729
7720
7721
7722
7723
7724
7725
7726
7727
3948
3949
12079
3940
3941
3942
3943
3944
3945
3946
3947
6709
6708
8329
8328
4072
6701
6700
6703
6702
6705
8320
6707
8322
9911
9910
9913
9912
9915
9914
9919
9918
12071
4057
4056
4055
4054
4053
4052
13740
4050
4059
4058
3610
3611
3612
3613
3614
3615
3616
3617
3618
3619
2569
2568
2561
2560
2563
2562
2565
2564
2567
2566
3845
11421
11420
11423
11422
11425
11427
11426
5029
5028
5021
5020
5023
5022
5025
5024
5027
5026
4440
4441
4442
4443
4444
13354
4446
4447
4448
4449
13977
1537
5391
1535
1242
3095
10466
10467
10464
10465
10462
10463
10460
1968
10110
10468
1969
1618
8912
8913
8910
8911
8916
8917
8914
8915
11846
8918
11844
11843
5197
3239
1960
1613
7113
7112
7111
7110
7117
7116
7115
7114
7119
7118
12231
1670
1671
1673
7291
1411
1412
7964
1416
1417
4208
13918
5183
4108
4202
4203
4200
4201
4206
4207
4204
4205
5568
5569
5564
5565
5566
5567
5560
5561
5562
5563
7295
12568
11212
11213
11211
11216
11214
11215
1491
11218
2036
7296
3820
15243
27795
2778
14274
4898
23400
10329
10328
4891
4890
4897
12463
4896
2776
4894
3890
3891
6118
6119
1489
6114
6115
6116
6117
6110
6111
6112
6113
5039
10922
10921
10920
10927
10926
10379
10929
10928
7283
7930
7933
7932
7287
7934
7285
7284
9106
10672
7289
9457
10677
10676
9100
9101
9142
16988
7974
7977
12299
12298
9146
12290
7970
7973
9497
20817
12256
12254
12252
3429
3428
12251
12623
3423
3422
3421
3420
3427
3426
3425
3424
2002
13306
2000
2006
4588
2004
4858
4857
4856
4587
4586
4853
4580
4583
4582
14174
14172
4413
14178
13303
11988
11989
12259
8628
11981
7393
12628
12487
8158
6966
10581
8156
10583
10585
10584
10587
8625
10588
7392
13166
8626
1909
11180
11181
18677
11187
14356
11185
8620
11188
11189
5953
8153
8150
17914
1906
17910
11533
11532
9541
1087
12984
12983
12982
12981
1904
12989
12090
1336
1330
1332
6932
6933
6930
6931
6936
6937
8129
6935
8127
8126
6938
8696
8123
8122
8693
8120
7706
7707
7704
7705
7702
7703
7700
7701
7708
7709
1903
8349
8348
8343
8342
8341
8340
8347
8346
8345
8344
847
5133
4079
4078
4075
4074
4077
4076
4071
4070
4073
13763
5797
3967
3964
3965
3962
5792
5791
5790
3968
3969
3638
3639
3636
3637
3634
3635
3632
3633
3630
3631
8891
6451
8890
11407
11406
11405
11403
11400
11409
11408
6450
4468
4469
4466
4467
4464
4465
4462
4463
4460
4461
7946
2410
6455
6327
6326
12174
6324
6323
12173
6321
6320
6329
12179
6457
9667
9665
9664
10448
10449
9661
10119
10116
10445
10114
10115
10112
10441
10442
9668
9068
8978
8979
8970
8971
8972
8973
8974
8975
8976
8977
6560
7139
7138
7131
7130
7133
7132
7135
7134
7137
7136
1659
1652
1653
1650
1657
7945
1738
2839
2838
2837
2836
2835
2834
2833
2832
2831
2830
3391
5406
5405
5404
5403
5402
3397
5400
3399
3398
5409
5408
1731
5231
1733
4260
4261
6737
4263
4264
4265
4266
4267
4268
4269
1734
1737
7940
3822
5548
5549
5542
3706
5540
5541
5546
5547
5544
5545
13125
1881
8598
8599
8596
8597
8594
8595
8592
8593
8590
8591
2120
5890
5891
5892
5893
5894
5895
5896
5897
5898
5899
11232
11233
11234
11235
2124
2127
4919
4664
4917
4914
4667
4660
4913
4662
4911
7941
9894
9895
9896
9897
9890
9891
9892
9893
9899
2415
12835
16611
1595
6138
6139
6132
6133
6130
6131
12767
6137
6134
6135
10948
3073
10940
10943
10942
10945
10947
1590
10062
9478
9479
3076
9472
9473
9470
9471
9476
2659
9475
9206
3079
10066
10067
9203
2248
2249
2244
2245
2247
2240
2241
2242
2243
10069
9209
9208
3401
3400
3403
3402
3405
3404
3407
3406
3409
3408
4875
4874
4877
4876
4871
4870
4873
4872
4879
4878
2068
10610
2798
2799
10615
2792
2793
2062
2791
2064
2797
2066
2795
14115
13913
8324
13144
13146
9780
9781
9782
9783
9784
9785
8327
9787
9789
3257
9401
12729
12968
12965
12961
12960
7096
7097
7094
7095
7092
7093
7090
7091
5939
7098
7099
12721
12894
12720
8105
8104
8107
8106
8101
8100
8103
8102
8109
8108
6958
6959
6488
6489
12558
8077
6482
6483
6952
6953
6954
6487
6956
6485
8361
8360
8363
8362
8365
8364
8367
8366
8369
8368
9421
2203
3184
3185
3186
3187
3180
3181
3182
3183
3188
3189
7026
11396
4019
4018
11393
4661
11390
4013
4012
4011
4010
4017
4016
4015
4014
3988
3989
3984
3985
3986
3980
3981
3982
3983
9408
5796
5795
8155
2477
2476
2475
2474
2473
2472
2471
2470
1589
2479
2478
7874
7875
7876
7877
7870
7871
7872
7873
7878
7879
13394
13397
13396
6309
6308
6305
6304
6307
6306
6301
6300
12152
6302
10134
10135
10136
10137
10130
10131
10132
10133
10138
10139
10428
10429
9649
9648
9319
9318
9317
9316
10420
9314
9313
9640
10424
9310
8956
8957
8954
8955
8952
8953
8950
8951
8958
8959
11610
4209
3214
3215
3216
3217
3210
3211
3212
3213
1638
1639
3218
3219
1988
1989
11583
8546
2814
2817
2816
2811
2810
2813
2812
2819
2818
14704
14700
5429
5428
3379
3378
5425
3376
5427
3374
5421
3372
5423
3370
15371
12412
4248
4249
4246
4247
4244
4245
4242
4243
4240
12414
5520
5521
5522
5523
5524
5525
5526
5527
5528
5529
4848
6547
6546
6545
6544
6543
6542
6541
6540
6549
6548
12437
12436
8805
8806
7517
7516
7515
7514
7513
7512
7511
7510
8800
7519
7518
6356
14297
6150
6151
6152
6153
6154
6155
6156
6157
6158
6159
3236
10967
6723
10965
10964
10962
10961
6722
8305
10968
4831
2184
6720
13457
8303
13454
6726
12433
4524
8301
4523
4788
4522
4837
8758
12108
6586
8208
6584
8206
2268
2269
2188
8755
2262
2263
2260
8308
2266
2267
2264
11639
8205
9438
8750
8233
7994
2189
11269
8203
11268
8200
11635
12430
8201
7999
4813
4812
2044
4810
4817
4816
4815
4814
11630
4819
4818
11089
2048
9410
11617
9412
11615
9414
9415
10639
11611
9418
10636
10635
11633
10633
10632
10631
10630
9340
18458
9341
14131
18451
14134
14136
9615
9344
9613
11080
8230
9610
9611
9348
10166
8300
8237
11073
9619
10092
10091
10090
10097
10096
10095
10094
15161
10098
12942
9465
7078
7079
7074
7075
7076
7077
7070
7071
7072
7073
14394
6976
8162
8161
6975
6972
8166
8165
6971
12499
12498
8169
8168
15919
6978
6979
12995
8680
12068
8681
8389
8388
8387
8386
8385
8384
8383
8382
8381
8380
12062
8171
4389
4388
4383
4382
4381
4380
4387
4386
4385
4384
9460
1374
1379
12067
4031
4030
4033
4032
13724
4034
13726
4036
4039
4038
11379
11377
11376
11371
11370
11373
11372
9244
9469
2459
2458
2455
2454
2457
2456
2451
2450
2453
2452
7852
7853
7850
7851
7856
7857
7854
7855
7858
7859
6369
6368
6363
6362
6361
6360
6367
12137
6365
6364
10152
10401
10150
9336
9331
10157
10406
7336
10408
10409
10158
10159
9339
9338
9623
7333
9621
9620
9627
9626
9625
9624
9295
1977
4704
1600
1603
1974
1973
1972
3223
7354
1970
3232
3233
3230
3231
5199
3237
3234
3235
5195
5194
3238
5196
5191
5190
5193
5192
9246
13261
13273
2873
2872
2871
2870
2877
2876
2875
2874
2879
2878
3355
3354
3357
3356
3351
3350
3353
3352
3359
3358
5449
5448
5443
5442
5441
5440
5447
5446
5445
5444
7359
15882
5508
5509
5506
5507
5504
5505
5502
5503
5500
5501
5139
11619
3320
6569
6568
5477
6565
6564
6567
6566
6561
5474
6563
6562
7687
7686
7685
7684
7683
7682
7681
7680
5472
7689
7688
3827
3826
3825
3824
3823
3326
3821
3581
5471
5001
3829
3828
8444
8445
8446
8447
8440
8441
8442
8443
5007
12575
8448
8449
5006
5005
14219
5004
7539
7538
369
7535
7534
7537
7536
7531
7530
7533
7532
10339
16659
9159
19359
2766
6178
6179
6176
6177
6174
6175
6172
6173
6170
6171
10987
10986
10981
10980
7900
7901
9481
2200
2201
2202
9480
2204
2205
2206
2207
2208
2209
9486
11586
11587
11584
11582
9485
9484
6272
12244
4839
4838
4529
4528
4527
4830
4525
4832
4835
4834
4521
4836
7993
7992
7991
7990
7997
7996
7995
9439
11634
9437
9434
7998
9432
9433
9430
9431
5298
5299
5296
5297
5294
5295
5292
5293
5290
5291
13184
12617
13186
13187
13181
15936
8637
12611
8636
6996
8142
6990
6991
6992
806
7337
9293
7335
7334
9296
9297
7331
7330
9298
9299
7339
7338
11967
11961
11963
9482
12921
12920
15605
12927
12926
10214
10217
10211
10213
10212
10219
10218
7058
7059
7052
7050
7051
7056
7057
7054
7055
9026
8149
8148
6998
6999
8639
8638
6994
8140
8635
6997
8145
8144
8147
8146
9487
2998
2991
2992
2993
2994
2995
2996
2997
9999
9998
9023
9991
9990
9993
9992
9995
9994
11037
11030
11031
11038
11039
1399
1396
1390
11359
12418
11353
11352
11350
11357
1422
2330
2331
4716
4717
2334
2335
4712
5035
2337
6699
6698
6693
6692
6691
6690
6697
6696
6695
6694
2438
2433
2432
2431
2430
2437
2436
2435
2434
7838
7839
7830
7831
7832
7833
7834
7836
7837
6341
6340
6343
6342
6345
6344
6347
6346
6349
6348
5473
9353
9352
9603
9602
9605
9356
9355
9606
10170
9608
10172
10173
10174
10175
10176
10177
5485
9255
3782
3783
3780
3781
3786
3787
3784
3785
8992
8993
3788
3789
8996
8997
8994
1808
4996
4997
4994
4995
4992
4993
4990
4991
4998
4999
9253
14071
3258
3259
1948
3250
3251
3252
3253
1946
3255
3256
1945
13242
13241
13247
13244
2859
2858
2851
2850
2853
2852
2855
2854
2857
2856
5461
5460
5463
1493
3337
3336
5467
5466
1498
5468
3339
3338
14214
14216
9644
9647
3817
8934
9763
11862
14813
11864
1235
8932
11866
8286
8287
8284
8285
8282
8283
8280
8281
12627
8288
8289
6509
6508
2488
6503
6502
6501
6500
6507
6506
6505
6504
9359
4901
4676
2484
4674
3809
3808
3805
3804
3807
3806
3801
3800
3803
3802
8462
8463
8460
8461
8466
4907
8464
8465
8468
2481
12138
7559
7558
7553
7552
7551
7550
7557
7556
7555
7554
11176
4174
4175
4176
4177
4170
4171
4172
4173
1961
4178
4179
11175
7395
9271
9272
9273
7391
9275
14362
10059
2228
2229
2226
2227
2224
2225
2223
2220
2221
5924
10725
5926
5927
5920
5921
5922
5923
5928
5929
10726
10721
10052
4505
4504
4507
4506
4501
10723
4503
4502
4509
4508
2088
2082
2083
2080
2086
2087
2084
11658
11659
11650
11651
11656
11657
11654
11655
9004
6436
9003
7319
7318
7315
7314
7317
7316
7311
7310
7313
7312
11902
11900
12306
12301
11904
11905
18416
12309
12909
12908
9130
12901
10233
10232
10231
7033
10237
9011
10235
7037
7038
7039
10239
10238
9018
9019
10876
12733
9137
15483
7788
7789
7786
7787
7784
7785
7782
7783
7780
7781
1006
1004
4349
4348
4347
4346
4345
4344
4343
4342
4341
4340
11018
11015
11016
11017
11010
11011
14532
11013
8615
8614
8617
8616
8611
8610
8613
8612
8619
8618
13717
11333
11335
11337
11338
9581
8013
5719
5718
5717
5716
5715
5714
5713
5712
5711
5710
14330
9138
14331
11488
11487
11486
11484
11483
11481
12680
12682
12686
12688
12689
10826
5090
10825
10822
3574
5092
7816
7817
7814
7815
7812
7813
7810
7811
3571
7818
7819
3573
16375
5097
2666
2667
9588
4495
2665
12476
2662
2663
9379
2660
9371
9370
9373
2661
9375
9374
9377
9376
9278
1829
1828
1825
1827
1826
1821
1823
1822
2411
2146
2413
2412
2143
2142
2141
2416
4974
4975
4976
4977
4970
4971
2149
4973
12485
15733
3276
3277
3274
3275
3272
3273
3270
3271
14053
3278
3279
15738
13227
14230
12408
9662
3319
3318
5489
5488
3311
5486
3313
5484
5483
5482
5481
5480
12402
11898
5323
6474
11896
9609
11892
9330
1982
5329
1217
6521
6520
6523
6522
8268
6524
6527
6526
6529
6528
8266
8267
8260
8261
8262
8263
16820
3869
3868
3863
3862
3861
3860
3867
3866
3865
3864
8408
8409
8400
8401
8402
8403
8404
8405
8406
8407
7571
7570
7573
7572
7575
7574
7577
7576
7579
9815
9816
9817
9810
9811
9813
14933
14935
12110
4152
4153
4150
4151
4156
4157
4154
4155
9740
4158
4159
13463
8337
8334
8218
8335
13466
6714
9429
6715
13686
5902
5903
5900
5901
5906
5907
5904
5905
5908
5909
8745
3489
3488
8212
3481
3480
3483
3482
3485
3484
3487
3486
4563
4562
4561
4560
4567
4566
4565
4564
13418
8216
11670
11671
11673
11674
11675
11676
11677
11678
11645
9424
7653
15380
9601
9600
8043
9350
7659
9357
16787
9607
9354
6064
6065
6066
6067
6060
6061
6062
6063
12099
6069
2604
2605
2606
9358
2600
2601
2602
2603
2608
2609
10783
10782
10781
10780
10038
10785
10784
10035
10034
10037
10036
10031
10030
10033
7379
7378
7373
7372
7371
7370
7377
7376
7375
7374
11928
11929
11925
9155
9032
9033
9030
9031
9036
9037
9034
9035
10251
10250
9038
9039
7012
7013
7010
7011
9154
7580
1807
1806
9157
8998
13938
8999
2958
2959
2954
2955
2956
2957
2950
2951
2952
2953
5344
5345
5346
5347
5340
5341
5342
5343
1800
5348
5349
3323
8990
4365
4364
4367
4366
4361
4360
4363
4362
4369
4368
5457
8995
11078
11079
3108
3109
3104
3105
3106
3107
3100
3101
3102
3103
8672
8671
8670
8677
8676
8675
8674
8679
8678
4093
4092
4091
4090
4097
4096
4095
4094
4099
4098
5735
5734
5737
5736
5731
5730
5733
5732
11315
11314
11313
5738
13752
12170
4048
8097
8096
8095
8094
8093
8092
8091
8090
1565
12528
8099
8098
11144
6659
6658
6657
6656
12664
6654
6653
6652
6651
6650
10808
10809
10804
10806
10807
10800
10801
10802
2125
6385
6384
6387
6386
6381
6380
6383
6382
19871
6389
6388
2381
2380
2383
2382
2385
2384
2387
2386
2389
2388
7301
7306
9288
1849
1848
2126
1842
1840
1845
1844
1942
4958
4959
2169
2168
9284
4952
4953
2167
2166
4956
4957
2163
2162
14030
1941
2129
3254
1947
17046
3298
3299
1908
5138
3294
3295
3296
5134
3290
5132
5131
3293
13206
13204
13203
13201
13200
15555
11914
14962
14788
12547
12546
12817
12065
8564
8562
12541
1732
12540
6891
6890
6893
6892
6895
6894
6897
6896
6899
6898
10904
10906
8295
10903
10902
8798
8799
8248
8249
3008
15455
8790
8243
8792
8793
8794
8247
8244
8245
7045
2043
7044
2096
3331
10908
10205
1494
5464
8426
8427
8424
8425
8422
8423
8420
8421
10201
8428
8429
14211
1499
14213
10658
9838
9839
5038
7599
7598
7597
7596
9830
9831
7593
7592
9834
9835
10307
5034
10656
10651
10650
10653
10652
4138
4139
4130
4131
4132
4133
4134
4135
4136
4137
5692
5693
3843
5691
5696
5697
3847
5695
3849
3848
5698
5699
4430
4432
5968
5969
5960
5961
5962
5963
5964
5965
5966
5967
4549
4548
4541
4540
4543
4542
4545
4544
4547
4546
11698
11696
11697
11694
11692
11690
1073
10889
2594
2595
2596
6287
2590
2591
2592
2593
2598
2599
12600
12601
5436
6634
6042
6043
6040
6041
6046
6047
6044
6045
6048
6636
6985
2622
2623
2620
6984
2626
2627
2624
2625
8606
2628
2629
15921
7351
7350
10019
10018
7355
6981
9584
7356
10013
10012
10011
9589
10017
10016
9232
10014
12348
12342
12344
10277
10276
10274
10273
10272
10271
10270
10279
10278
9058
9059
9050
9051
9052
9053
9054
9055
9056
9057
2978
2979
2972
2973
2970
2971
2976
2977
2974
2975
5362
5363
5360
5361
5366
5367
5364
5365
5368
5369
5093
1506
4303
4302
4301
4300
4307
4306
4305
4304
4309
4308
11050
14571
11052
11053
11054
1507
11057
11058
11059
3128
3129
3122
3123
3120
3121
3126
3127
3124
3125
8659
8658
8651
8650
8653
8652
8655
8654
8657
8656
5753
5752
5751
5750
5757
5756
5755
5754
5759
5758
5198
3442
2024
2025
15229
12508
2026
7434
7435
7436
7437
7430
7431
7432
7433
2020
7438
7439
2021
2323
2022
2322
2023
2321
6675
6674
6677
6676
6671
6670
6673
6672
16082
4703
6679
6678
4702
2325
2324
10868
10863
10860
10866
10864
9311
1614
13638
4708
12156
2369
2368
2367
2366
2365
2364
2363
2362
13337
2360
1612
15038
1861
1863
1862
3728
3729
1867
1866
3724
3725
3726
3727
3720
3721
3722
3723
4686
4931
4932
4933
4934
4935
4680
4681
4938
4939
4688
4689
2109
2108
11731
1710
2103
2102
2101
2100
11739
2106
2105
2104
5115
5114
5117
5116
5111
5110
5113
5112
5119
5118
14155
10488
1716
10481
10482
10483
10487
896
430
1789
4569
1781
1782
1784
1785
1787
6879
6878
6877
6876
6875
6874
6873
6872
6871
6870
11872
11873
8924
14804
8220
8221
8222
8223
8224
8225
8226
8227
8228
8229
13559
1718
7609
7608
7607
7606
7605
7604
7603
7602
7601
7600
2491
2490
4640
8467
2492
2495
4647
9850
9851
9853
9854
4644
9856
9857
9858
9859
4645
8469
1529
4116
4117
4114
4115
4112
4113
4110
4111
11773
4118
4119
11525
1055
11774
9175
11777
11776
10048
9262
3341
5946
5947
5944
5945
5942
5943
5940
5941
14376
11504
10739
11502
5948
5949
10040
9015
10737
14375
10734
10735
10045
10730
10731
3344
9238
9239
1802
10759
6028
6029
13424
6020
6021
6022
6023
6024
6025
6026
6027
2648
2649
10075
10074
10077
2640
9016
2642
2643
2644
2645
2646
2647
9218
9219
9212
9213
9210
9211
9216
9217
9214
9215
12363
6955
12360
9234
9077
9074
9075
9072
9073
9070
10295
10294
10297
10296
10291
10290
9078
10292
10678
3557
3556
3555
3554
3553
3552
3551
3550
9236
3559
3558
2910
2911
2912
2913
2914
2915
2916
2917
2918
2919
9237
13881
5308
5309
9230
5301
5302
5303
5304
5305
5306
5307
13010
4329
4328
9231
4321
4320
4323
4322
3966
4324
4327
4326
3140
3141
3142
3143
3144
3145
3146
3147
3148
3149
10673
12702
9156
5779
5778
10753
5771
5770
5773
5772
5775
5774
5777
5776
10671
2061
15248
12561
12560
12563
12562
15245
12567
7412
7413
7410
7411
7416
7417
7414
7415
7418
7419
6613
6612
6611
6610
6617
6616
6615
6614
9151
6619
6618
10840
10841
10843
10844
10845
10846
10847
10848
10849
3500
5082
1962
5080
3504
3505
3506
12192
5084
12197
2345
2344
2347
2346
2341
2340
2343
2342
2348
3708
3709
1889
1888
3702
3703
3700
3701
1883
1882
3704
17662
2121
6914
2123
2122
4668
4669
4918
6447
4916
2128
4666
4915
4912
6444
4910
4663
11713
6445
11717
11714
6910
6443
5173
5172
5171
5170
5177
5176
5175
5174
5179
5178
13926
1963
7003
13924
5925
15428
9689
9688
9681
9680
9683
9682
9685
9684
9687
9686
6838
13520
7005
7254
7255
7256
7257
7250
7251
7252
7253
7258
7259
12229
14638
6855
6854
6857
6856
6851
6850
6853
6852
6859
6858
13527
8804
14290
7006
8807
14295
8801
8802
8803
8808
8809
6583
6582
6581
6580
6587
8759
6585
8209
8754
8207
6589
6588
8202
8751
8752
8753
7625
7624
7627
7626
7621
7620
7623
7622
13576
7629
7628
13525
13474
9192
4500
13473
9878
9879
9876
9877
9874
9875
9872
9873
9870
9871
11155
11154
11157
11150
11153
11152
14439
11158
3089
3088
1505
3085
3084
3087
3086
3081
3080
3083
3082
9197
13800
3885
3884
3887
3886
3881
3880
3883
3882
17779
3889
3888
9196
1884
8325
11527
11520
11521
11522
11523
11528
11529
8326
8321
6704
8323
12103
6706
6995
1880
3960
6006
6007
6004
6005
6002
6003
6000
6001
1297
6008
6009
9270
7394
7397
7396
10729
7390
9276
9277
10057
9279
10727
10054
7399
7398
10051
10722
12389
12387
12380
17844
13324
9098
9099
9094
9095
9096
9097
9090
9091
9092
9093
5098
5099
12641
3579
3578
3575
5091
3577
3576
5094
5095
5096
3572
4497
4496
2664
4494
4493
4492
4491
4490
13326
4499
4498
2938
2939
2936
2937
2934
2935
2932
2933
2930
2931
5326
5327
5324
5325
5322
11899
5320
5321
11894
1836
14604
11890
11891
5328
11893
6289
1743
1838
11095
11096
11097
11090
11091
11092
11099
2161
3168
3169
3166
3167
3164
3165
3162
3163
3160
3161
4981
2407
2156
733
4982
11263
2150
4984
2152
4986
13744
11262
4051
2007
8567
8566
8565
12816
8563
12542
8561
8560
13749
12819
8569
8568
7478
7479
7470
7471
7472
7473
7474
7475
7476
7477
16043
6639
6638
6631
6630
6633
6632
6635
12605
6637
12607
14415
1954
2008
4707
4706
4705
2320
2327
2326
4701
4700
14062
2329
2328
4709
2009
2414
3760
3761
3762
3763
3764
3765
3766
3767
3768
3769
2294
2499
2498
4648
4649
4642
4643
2493
4641
4646
2494
2497
2496
11779
11778
2314
7898
7899
7896
11770
7894
7895
7892
7893
7890
7891
5159
5158
5151
5150
5153
5152
5155
5154
5157
5156
12307
11901
11939
7272
7273
7270
7271
7276
7277
7274
7275
7278
7279
12552
12554
8557
6833
6832
6831
6830
6837
6836
6835
6834
15898
6839
12801
10556
10557
10554
10555
10552
10553
10551
10558
10559
8559
13546
11428
8822
8823
8820
8821
8826
8827
8824
8825
8828
8829
12905
10913
8778
8779
13547
10910
8772
8773
15092
8771
8776
8777
8774
8775
7643
7642
7640
7647
7646
7645
7644
7649
7648
5639
7030
7031
7032
9017
1748
1749
7034
1746
1747
1742
7035
7290
9012
9132
5668
9013
9131
5494
7293
5495
7294
3304
7923
11173
14412
11171
5497
9135
1864
11174
3302
11179
7297
5491
1568
7298
5492
10311
1290
3301
1296
9139
1566
1567
10313
10642
10643
13821
10317
13826
5638
3385
5634
5635
5636
5637
5630
5631
5632
8480
8481
8482
8483
8484
8485
8486
8487
8488
8489
4445
