13357
11542
11543
11540
11541
11546
11547
11544
4449
11548
11549
5988
5989
5982
5983
5980
5981
5986
5987
5984
5985
15267
10613
6487
6970
14547
6796
6797
6794
6795
6792
6793
6790
6791
6798
6799
11545
16250
16257
16256
16702
12019
12018
12015
12014
12017
12016
12011
12010
12013
12012
17258
15369
17250
17252
15481
17256
10709
10708
9528
9529
9258
9259
10703
10702
9526
9255
10707
10706
10705
10704
4644
6348
14729
24084
3511
3510
3516
3514
2688
2685
2686
11952
14624
14626
14627
14620
14622
15490
13058
13052
13053
13050
13051
13054
13055
13912
18706
12109
4525
4524
10580
7188
7189
7180
7181
7182
7183
7184
7185
7186
7187
12833
12832
12831
12830
8549
8548
8019
8018
8017
8544
15287
8546
8013
8540
8011
8542
7456
7457
7454
7455
7452
7453
7450
2036
2743
7458
7459
4520
2745
13469
13603
13602
4595
4730
10884
10885
10886
4731
10880
10881
10882
10883
10888
10889
13606
6536
4599
4734
8290
13604
8293
15004
8295
12876
13609
6533
13608
6530
6531
13618
13619
3960
4725
4724
13616
4726
4721
4720
4723
13613
11289
5846
5845
5844
5843
5842
5841
5840
11281
11280
11283
11282
11285
11284
5849
11286
5852
17627
3749
3746
17628
3744
3745
3742
3743
3740
3741
4620
13530
13533
4623
13535
13534
13537
13536
4628
11018
14539
11757
11756
11755
11754
11753
11752
11751
11750
5203
11759
11758
16393
16390
5202
14535
14536
2651
20734
11010
14531
5209
12871
14532
11990
13287
13286
13284
13283
13280
7041
14160
14167
11994
12870
11997
10469
14158
10390
10391
10392
10393
10394
10395
10396
10397
10398
10399
7218
7219
4654
7210
7211
7212
7213
7214
7215
7216
7217
6217
6216
12224
6214
6213
12223
6211
6210
12228
6218
6819
6818
13542
15878
6811
6810
15702
6812
6815
6814
6817
6816
9757
9756
9755
9754
10578
9752
9751
9750
10574
10575
10576
10577
10570
10571
9759
9758
8913
13549
8848
8849
8841
8842
8843
8844
8845
8846
8847
11849
8915
7669
7668
7661
7660
7663
12249
7665
7664
7667
7666
8919
15029
1764
14347
14527
11190
14345
14344
14343
11194
11119
14478
14341
11111
11110
14473
14472
14475
11114
11117
11116
8710
8711
8712
8713
8714
8715
8717
8718
8719
12505
13840
6836
2798
13846
13849
13848
11762
13555
16388
15167
7883
5618
5619
5612
5613
5611
5616
5617
5614
5615
11765
13305
10253
4668
11568
11569
11560
11561
11562
11563
11564
11565
11566
11567
5608
10252
3044
9524
9257
10701
10700
9520
9253
9522
14528
9523
6778
6779
6774
6775
6776
6777
6770
6771
6772
6773
9964
9965
9966
9967
9960
9961
9962
9963
2792
9968
9969
16720
16724
12039
4665
12033
12032
12031
12030
12037
12036
12035
12034
9508
9509
9502
9503
9500
9501
9506
9507
9504
9505
3689
3688
3683
3682
3681
3680
3686
3685
3684
18583
2515
2516
2511
2512
2513
3584
3530
3532
3535
5059
3537
3539
3538
5056
5057
5050
5051
5052
5053
10761
10760
10763
10762
10765
10764
10767
10766
10769
10768
15026
14866
4167
14640
12742
18897
14863
14860
14861
14648
14649
14868
14869
13892
13893
13070
13071
13072
13073
13074
13075
13076
13078
13079
13891
2699
18769
6980
18760
20272
4169
4168
10185
10184
10187
15304
10181
10180
10042
10182
10189
10188
11847
14740
15119
15118
15115
15114
13568
15110
15112
2770
13569
15307
8035
8034
8037
8036
8031
8030
8033
8032
8039
8038
12858
8529
8528
8523
8522
12853
12580
12587
8526
8525
12856
12104
6938
13564
15302
22383
13988
4298
10169
19575
4295
13985
13986
4296
13980
4290
4293
13983
10438
15303
10433
6369
13562
3570
6368
15225
12235
4749
13679
6205
4743
4742
13670
4740
4747
6206
4745
4744
16001
5869
5868
16004
5865
5864
5867
5866
5861
5860
5863
5862
17358
17608
17354
17605
12232
17350
17601
10434
4608
13518
4606
4607
13515
13514
13513
4603
13511
4601
8682
6450
13561
8680
12238
6452
2682
8138
7999
6902
12426
7583
6900
8134
16417
6458
6953
13911
8689
6808
16115
6809
13916
15717
6185
6184
6183
6182
6181
6180
16110
4205
15715
6189
6188
2726
2724
2723
2722
2720
15861
2728
7236
7237
9193
7235
9195
7233
7230
7943
9199
9198
10374
10375
10372
10373
7238
7239
10563
10562
10561
10560
6239
6238
12204
12205
6237
12207
12200
6230
12202
6232
14421
9742
9743
10518
11766
9779
9778
10512
9774
10510
10511
10516
10517
9773
10515
8866
8867
14983
8865
8862
8863
8860
8861
14989
14988
16412
8868
8869
10699
7935
3572
13441
14189
5266
5265
5264
5263
5262
5261
5260
14180
14182
4572
14187
14186
15855
15856
4573
15851
15852
13407
13406
11137
11136
11135
11134
11133
14452
14323
14322
14329
11139
11138
17980
16377
17985
3029
3028
3027
3026
3025
3087
3023
3022
7939
15581
15586
8738
8739
8736
8737
8734
8735
8733
8730
8731
16419
13869
13867
13866
13865
13864
13863
4193
4190
4191
5670
5671
5672
5673
5674
5675
5676
5677
5678
5679
16418
14429
15042
8832
6241
4687
23249
12446
8193
8190
8191
12442
12443
6431
12441
8198
8199
12448
6438
6243
10690
11645
6758
6759
6752
6753
6750
6751
6756
6757
6754
6755
9942
9943
9940
9941
9946
9947
9944
9945
9948
9949
10692
16216
16215
16214
15045
16219
12051
12053
12052
12055
12054
12057
12056
12059
12058
10695
4680
2539
10696
2533
2530
2531
17166
5078
5079
17160
5072
5073
5070
5071
5076
5077
5074
5075
9560
9561
9562
9563
9564
9565
9566
10748
10747
9569
10745
10744
10743
10742
10741
10740
14668
14669
5382
5383
5384
5385
5386
11839
14660
11837
11834
11835
11832
11833
14666
11831
13373
10300
13099
13096
13097
13094
13095
13092
13093
13090
13091
12262
12855
13580
15322
20291
9384
9385
9386
9387
9380
9381
9382
9383
9388
9389
14832
7567
4062
4063
13771
4061
10790
15133
13777
15130
15137
15136
15134
7148
7149
7144
7145
7146
7147
7140
7141
7142
7143
8053
8052
8051
8502
8505
12872
8055
8054
8509
8508
8059
8058
12879
12878
11999
2882
7498
7499
2886
2887
2885
7492
7493
7490
7491
7496
7497
7494
7495
13586
10456
13587
14408
11164
3275
14405
14406
11167
14400
14401
4761
4760
4763
4762
4765
13655
13656
13657
4769
13659
11163
15206
11249
11248
11245
11244
11247
11246
11241
11240
11243
11242
16028
16029
5809
5808
3278
16020
5802
5801
5800
5807
5806
5805
16027
7815
10147
10723
2151
11799
11798
11793
11792
11791
11790
11797
11796
11795
11794
4323
10557
13834
16635
15021
15202
16688
16684
16686
13833
6308
10354
4889
10356
10357
10350
2708
10352
10353
4880
4881
4882
4883
4884
10359
4886
4887
7962
7963
7960
7961
7966
7967
9179
7965
10682
6118
10680
7969
10686
9172
10684
9170
16979
16972
16970
16974
17081
17080
12268
6258
11931
6115
6253
6252
12260
6250
6257
12267
6255
12836
10530
10531
10532
10533
10534
12835
10536
15639
10538
6110
12834
12740
8545
9719
9718
12743
8016
9713
9712
9711
9710
9717
8547
9715
9714
3474
3476
8014
8888
8889
3472
8884
8885
8886
8887
8880
3479
8882
8883
11439
15283
15282
15632
11623
6307
15208
15635
14239
11288
6805
11622
9007
5249
5248
7022
5245
5244
5247
5246
5241
5240
5243
5242
13135
13134
13137
9004
15836
13130
13133
13666
9003
15838
11621
13139
13138
9002
7931
6301
9001
7282
7024
7281
3005
5487
3007
7280
3001
14306
3003
3002
7287
5485
7934
10227
7937
12482
9109
12129
1584
5482
10673
5481
9455
10223
7289
7288
9450
12128
9103
6801
11626
5658
5659
5656
5657
5654
5655
5652
5653
5650
5651
13342
16458
13340
13341
13346
12481
13344
13345
12486
13349
6419
6418
6415
6414
15306
6416
12460
12461
6413
6412
7777
7776
7775
7774
7773
7772
7771
7770
7779
7778
3917
3916
3915
3914
19483
3912
3911
3910
3919
3918
6730
8315
8316
8317
6734
6735
8312
8313
6738
6739
12484
8318
8319
11629
13167
9928
9929
10887
12292
9920
9921
9922
9923
9924
9925
9926
9927
19262
19267
11579
16767
19269
19268
15066
3286
15949
6088
12078
12077
6087
12075
12294
12073
6083
12071
12070
11573
14931
5998
14932
5941
12488
3649
3648
3647
12123
3645
3644
3643
3642
3641
3640
2551
2554
2555
2556
2557
3283
12837
11476
11477
11474
11475
11472
11473
11470
11471
11478
11479
5010
5011
5012
5013
5014
5015
5016
5017
5018
5019
7225
17140
7792
3281
13308
4418
4417
4416
13304
4414
4413
4412
4411
4410
9548
9549
9546
9547
9544
9545
9542
9543
9540
9541
14828
14829
14822
14823
14820
14821
14826
14824
14825
7918
12208
14937
3460
14854
12839
4086
10828
11814
11815
11816
11817
11810
11811
11812
11813
18509
11818
11819
12838
5949
15153
15152
4087
15157
10645
6043
17589
7168
7169
7162
7163
7160
7161
7166
7167
7164
7165
8079
8078
17587
12899
12898
8071
8070
8073
8072
8075
8074
8077
3426
6334
6335
6337
12161
1449
6331
6332
12162
22615
4585
4584
4729
4855
4728
6521
6520
15012
12168
13614
4583
6525
4582
4727
6524
15938
15016
14175
6914
15017
2304
8264
14953
13612
4789
6528
4787
4785
4784
4783
4782
4781
4780
5821
5820
5823
5822
5825
5824
5827
16065
11263
11262
11261
11260
11267
11266
11265
11264
15548
11069
14548
3991
3586
14179
8631
9674
10452
16068
9676
11061
9677
11287
14540
9670
8630
5848
11063
9671
14542
9672
14545
9673
14544
6326
11983
14546
10459
17624
15494
10458
3748
12780
10101
2327
15496
3938
9679
12798
12799
17314
12792
12793
12790
12796
12797
12795
9155
9154
10330
9156
10336
9150
10334
9152
2763
12329
10338
10339
9159
9158
2765
7908
7909
9489
9488
16402
9483
7901
9481
7903
9487
9486
9485
7907
6271
12241
6273
6272
6275
6274
12246
12247
12248
6278
4622
20824
4624
9731
9730
9733
9732
9735
9734
9737
4081
9739
9738
4627
4082
13539
4629
13795
3452
3453
3451
3456
3457
3454
3455
3458
6321
10583
13169
13798
13162
14148
13163
14145
14144
14146
6828
8907
14143
14142
5229
11853
5223
5222
5221
5220
5227
5226
5224
13113
13112
13111
13110
13117
13116
13114
15812
11857
15815
14350
14351
14352
14369
3062
14499
11181
3067
3065
14361
14360
14363
14490
17948
14496
14495
14366
16980
14594
13227
14817
11057
11604
16395
4268
9818
7574
3008
9814
6116
6207
14814
8557
6479
6478
6200
15362
6472
6471
6470
6477
6476
15364
15365
9241
7759
7758
9536
7755
7754
7757
7756
7751
7750
7753
7752
9242
3939
6201
3935
9533
3937
3931
3930
3933
9532
8332
8333
8330
8331
8336
9531
6718
8335
6717
8338
8339
6712
6713
6710
6711
9906
9907
9904
9905
9902
9903
9900
9901
11602
9908
9909
3264
19209
14810
13288
19206
13488
11088
13754
4047
4040
13750
4042
13752
13759
13758
10123
3665
3664
3667
3663
3662
3669
10122
3646
2579
2576
2577
2570
2571
11458
11459
11454
11455
11456
11457
11450
11451
11452
11453
3592
17436
3590
3597
3596
5038
5039
5036
5034
5035
5032
5033
5030
5031
13324
4434
13326
13327
10120
4430
4433
4432
13328
4438
17125
9594
12149
8141
4157
16896
8947
3728
10475
10474
10477
10476
10471
10470
10473
10472
10479
10478
8757
8927
11873
8925
8924
11876
8922
8921
8920
18835
11878
11879
8929
8928
5414
15179
5415
15177
15176
15175
15174
3384
15170
7100
7101
7102
7103
7104
7105
7106
7107
7108
7109
3380
3381
15916
18789
18781
15911
3388
14776
14777
14774
14775
28050
14773
14770
14771
15910
14778
14779
1468
4239
13929
13926
4236
13924
4234
13922
4232
4231
4230
5591
5590
5593
5592
5595
5594
5597
5596
5599
5598
16931
7285
13694
4215
13696
13697
13690
13691
13692
13693
13699
11201
11200
11202
11205
11204
11207
11206
11209
11208
13901
12226
4213
12227
12824
13903
6215
12225
12222
6212
12220
4219
12221
8516
12679
6649
15403
15402
2692
12675
6219
15407
12229
6646
7973
6937
6934
12671
6935
12670
8127
12673
8126
6643
7972
8697
5902
6912
6939
6584
10343
8123
14656
19643
8690
10916
10917
10914
10915
10912
10913
10910
15701
5906
8120
15874
10918
10919
7290
7291
7924
7925
9137
7923
7920
7921
10646
10311
10312
9138
10642
10315
7928
7929
16429
12666
16420
16421
16422
8513
6299
6298
6297
6296
6295
6294
6293
6292
6291
6290
12588
9753
11627
10579
17562
4935
3438
3439
3430
3433
3434
3435
3437
2741
4593
4590
4591
4848
10572
4594
3480
2749
4845
4846
10573
4840
4841
4842
4843
5201
11998
14169
14168
5204
5206
11991
14162
11992
11995
14166
14165
11996
4562
4561
13178
4560
3170
13170
13173
13172
13175
13174
13177
13176
11191
14346
11193
11192
11195
14342
11197
11196
11199
11198
12583
13415
14349
14348
3049
3048
17924
3040
3043
3042
13418
3046
20379
4568
12582
22679
11673
15692
15693
15690
15691
15697
15340
8683
6453
6904
6903
8687
6901
12427
12428
8135
8688
8137
8130
8131
8132
8133
12586
12250
7739
7738
7733
7732
7731
7730
7737
7736
7735
7734
19198
3959
3958
3953
3952
3951
3950
3957
3956
3955
3954
8358
8359
8350
8351
8352
8353
8354
8355
8356
8357
3333
9175
10023
10109
13773
13772
4060
7662
4066
4067
4064
4065
4068
4069
5784
5785
5786
5787
5780
5781
5782
5783
5788
5789
3603
3602
3600
3607
3605
3604
12472
4480
11438
19992
11432
11433
11430
11431
11436
11437
11434
11435
17452
17101
4453
13343
4451
4450
4457
4456
4455
4454
4459
4458
13907
4482
13900
16854
12165
12164
6336
12166
6330
12160
12163
6333
6338
6339
10453
9675
10451
10450
10457
10108
10455
10454
10105
10104
10107
10106
9678
10100
10103
10102
12095
8136
6065
4247
12097
11858
11859
6067
8909
8908
8905
12091
11852
8906
11854
18816
8903
6061
12093
12092
16586
7956
7128
7129
7126
7127
7124
7125
7122
7123
7120
7121
2179
8619
6068
6069
13764
7955
4077
4489
13767
8618
13386
7954
2607
2828
4697
2825
2826
2827
2820
2822
3386
3387
5416
5417
14758
5411
5412
5413
14754
14757
5418
5419
14752
3965
5793
13904
13905
13906
4216
4211
4210
13902
4212
5388
3961
13908
4218
18107
18106
12660
5579
5578
5577
5576
5575
5574
5573
5572
5571
5570
3968
14470
3265
5798
10786
11112
11115
3266
5003
3269
11229
11228
11227
11226
11225
11224
11223
10037
11221
11220
10036
9535
13390
7373
17279
10369
16199
16626
16195
16624
16625
16623
13844
11928
6109
12759
6107
12757
12754
12755
12752
6102
12750
12751
10938
10939
10934
10935
10936
10937
10930
10931
10932
10933
9119
9118
9449
9448
9111
9446
9445
9112
9115
9114
9441
9116
12284
12285
12286
12287
12280
12282
12283
12288
12289
16445
9530
12758
6108
6106
13235
6105
10317
14956
6104
14957
12753
3416
8530
3414
14223
6101
3410
12825
6100
8020
3418
3419
8533
15292
14283
8535
10664
10665
10666
10667
10660
12822
10662
10663
4862
13480
13483
12823
10668
10669
13487
4865
14101
14100
18483
5160
14107
14106
14109
14108
6327
13389
9454
17711
17713
17712
7444
13157
13156
5161
13154
13153
13152
13151
10258
20681
13159
10592
10593
1936
10591
10596
10597
10594
10595
10598
10599
9037
16994
9034
4892
18666
7019
17908
7016
20427
7017
7014
17906
9039
7012
19903
7013
9447
10257
9110
7011
9113
9444
9443
9442
12990
12991
12992
12993
12994
9117
12996
12998
12999
9440
16448
2128
16449
1939
13378
8118
8119
15418
6928
8112
8113
6927
8111
8116
6920
8114
8115
7711
7710
7713
4465
7715
7714
7717
7716
7719
7718
9290
13371
8376
8377
8374
8375
8372
8373
8370
8371
8378
8379
17684
9435
13719
13718
9572
4000
13710
13713
4003
4241
13714
4006
4007
3971
3970
3973
3972
3975
3974
3977
3979
3978
3628
8140
13992
3621
3620
3623
3622
4280
3627
4281
4286
11410
11412
11413
11414
11415
11416
11417
11418
11419
15795
9430
16299
16298
16297
16295
16293
16292
8142
13998
17472
17477
4479
13369
4471
4470
4473
4472
4475
13365
13366
13367
9075
9225
15798
8144
2467
6444
2468
2469
11129
4768
9459
4719
9296
3385
3417
16879
16878
12143
6313
12141
12140
6316
12146
6314
6315
6318
12148
3413
6442
3411
9652
9653
9650
10128
9308
9309
9654
9655
10431
10430
10121
10432
10435
10126
10437
10436
18871
8969
8968
8963
8962
8961
8960
8967
8966
8965
8964
4598
9578
6441
3595
9456
4979
9457
4367
2808
18291
2801
2806
2807
14997
5432
13489
5430
5431
3368
5437
5434
5435
3364
3365
3366
14731
8536
14737
3362
3363
6324
3103
12172
6322
4273
4272
4271
13961
13966
4276
4275
13965
9451
13968
13969
5555
5554
5556
5551
5550
5553
5552
5559
4860
4861
9452
15572
13485
13484
8589
8588
4864
13660
8581
8580
8583
8582
8585
8584
8587
8586
13662
9453
14340
4754
15574
5882
5881
14102
5887
5886
5885
5884
12420
5888
6554
15064
15067
6557
6550
6551
6552
15062
6558
6559
18488
11299
11048
12421
16015
5877
16017
6449
16016
11079
12422
23451
23450
11290
11291
9887
7505
9885
9884
12423
7501
9881
14553
10448
7508
7509
9889
9888
11071
16600
10118
14556
10119
14557
6125
10444
6127
6126
6121
11074
12772
10445
11075
6129
6128
8673
10115
15976
10112
15975
10113
10958
10959
9669
10952
10953
10950
10951
10956
10957
10954
10955
16460
15971
4415
4633
4632
13150
2192
13521
2256
13541
14926
13782
4635
13783
4634
4091
13781
4097
13528
4800
4801
2787
4803
4804
4095
4806
4807
4808
4809
4094
10590
10602
9464
9467
9466
11601
9460
10604
10605
2072
10608
10609
9469
11608
11959
11958
14128
14127
11954
11957
11956
11951
11950
11953
18461
12038
8790
9793
9792
9791
9790
9797
9796
9795
9794
9799
9798
8791
14388
9611
11319
14383
14382
14381
11318
14386
14385
14432
20406
12272
8792
5739
12544
4025
12969
12543
16900
15658
15659
12976
12974
12975
12972
12973
15650
15651
7081
7080
7083
7082
7085
7084
7087
17909
12542
7088
7584
8904
9806
7586
6495
15385
6497
6496
6491
6490
6493
8177
8178
9803
6499
6498
9802
6949
6948
9801
6943
6942
6941
9800
15476
6946
6945
6944
8699
13920
8162
4021
8398
8399
8394
8395
13921
8397
8390
8391
8392
8393
15445
4398
4399
4390
4391
4392
4393
4394
4395
4397
3197
3196
3194
1363
3191
3190
3199
9417
15443
13737
13736
4024
13734
4022
13732
4020
13730
4028
13738
11380
11381
11382
11383
11384
11385
11386
11387
11388
11389
3999
3998
3995
3994
3993
3992
19401
3990
8165
12585
11736
10331
15440
8161
16944
8696
15867
2443
2446
2444
8096
2449
12527
7867
7866
7865
12526
7863
7862
7861
7860
8093
15866
8556
7869
7868
15203
12522
16816
6378
6379
4144
6370
12120
6372
6373
12125
12124
12127
12126
10417
10416
10415
10142
10145
10144
10411
10146
10149
10148
10419
10418
9638
9639
9328
9329
15860
9322
9323
9632
9321
9634
9327
9636
9637
8941
8940
8943
8942
8945
8944
18859
8946
8949
8948
18853
8555
15449
3853
3391
14728
3393
9527
15862
3392
5403
3394
5182
5183
3205
5181
3203
5187
1625
5185
5188
5189
3209
3208
3399
5058
10368
2860
2861
2862
2863
2864
2865
13729
2867
2868
14710
5054
14244
14713
14714
14243
14716
5055
14719
5408
8047
14249
5458
5459
3348
5450
5451
5452
3341
5454
5455
5456
5457
10363
10362
4259
13949
31128
16902
13940
4250
4253
13943
13944
16901
4257
13947
5533
5532
5531
5530
5537
5536
5535
5534
5539
5538
5102
13971
4261
13973
13975
13974
6572
12213
6570
15040
6576
6577
6574
6223
13643
6578
6579
5100
12211
7694
7695
7696
6221
7690
7691
7692
7693
6226
7698
7699
12216
3834
3835
3836
3837
3831
13642
3833
12214
15887
3839
12219
12668
12669
7522
7523
7520
7521
7526
7527
7524
7525
6929
7528
7529
6655
15419
6654
5107
14867
6653
16668
18891
6143
6925
6141
6140
6147
12717
12714
6924
6149
12661
8110
14647
10970
10971
10972
6926
10974
10975
10976
10977
10979
8117
6923
6922
16488
16486
16484
16485
7712
18542
16178
9762
2276
10508
2278
11595
11597
11596
11590
11593
11592
11599
11598
3201
3198
17287
17289
10503
10502
13449
4539
4828
4829
4826
2058
4824
13446
4822
13440
13443
13442
7980
7981
9401
11620
9407
9406
11625
9404
10620
7989
9409
11628
10624
10625
10627
11979
11978
11973
11972
11971
11970
11977
11976
11975
11974
13199
13198
13193
13192
13190
13197
13196
13195
6380
4746
13428
14368
12803
4557
20391
4554
7324
7325
7326
7327
7320
10089
7322
7323
10084
10085
10086
10087
10080
7329
10082
13422
18447
18440
12954
15675
12956
12957
12950
12951
16621
12959
8225
4835
5890
7069
7068
7067
7066
7065
7064
7063
7062
7061
7060
11684
10400
2093
6961
12483
6963
6962
8628
12487
8158
8159
8624
8625
8154
12489
8620
8153
8622
8151
11230
5899
14795
4559
9988
9989
9986
9987
9984
9985
9982
9983
9980
9981
11025
14504
11027
14506
11021
11020
14503
11022
10236
11029
14508
20275
11368
11369
11366
11367
11364
11365
11362
11363
11360
11361
5460
1777
15809
10183
5462
9102
1778
14367
6688
6689
6680
6681
6682
6683
6684
6685
6686
6687
2423
2425
2427
16837
16344
16835
7849
7848
16342
7845
7844
7847
7846
7841
7840
7843
7842
6356
6357
12105
6355
12103
6353
6350
12100
6358
12108
3461
9616
9341
9342
9343
9612
9345
9610
9347
9348
9349
10165
10163
10162
10161
9619
7034
12401
3844
12087
14880
14881
14882
14884
6075
14887
12085
10403
6072
4008
4009
12081
14080
14083
14084
14085
14086
14087
14088
12407
9630
9246
4951
3229
3228
1979
3225
1976
3227
1974
3223
3222
13276
13274
13272
13273
13270
4001
12089
9631
4002
13278
13279
20959
2848
2849
2846
2847
2845
2843
2840
4005
3320
5477
5474
5475
3324
5473
5470
5471
14264
3329
13716
5478
5479
12424
15116
19420
15544
8050
18166
7594
18163
11108
5519
5518
5511
5510
5513
5512
5515
5514
5517
5516
17991
15468
11102
17046
14463
10798
14460
7343
11101
10028
14466
7341
10794
14135
11104
10027
3033
5135
6518
6519
10025
6510
15020
6512
6513
15025
6515
6516
6517
10020
10793
11600
3812
3810
3811
3816
3817
3815
3818
3819
3624
8457
8456
8455
8454
8453
8452
8451
8450
8459
8458
5125
7548
7549
7540
7541
7542
7543
7544
7545
7546
7547
16649
16139
4004
16644
16133
6169
6168
7348
6161
12731
6163
6162
12734
6164
6167
10998
10999
10996
10997
10994
10995
10992
10993
10990
10991
4388
6138
9777
11603
14676
9032
2217
2216
2215
13668
2219
6371
12589
5606
12332
15463
12761
6131
6136
12766
12851
13928
12765
12850
17513
17512
17511
12764
12581
17515
14966
4518
12852
10083
4512
8527
13461
4511
9770
4517
13465
12854
9429
11648
12857
9421
9420
11643
11642
9425
9424
11647
9426
5289
5288
17774
17773
17770
5281
5280
5283
5282
5285
5284
5287
5286
9256
11162
6401
20912
7294
7001
10243
6406
7003
7302
7303
7300
7301
7306
9288
7304
7305
9285
9021
7308
9286
9281
9280
9283
9282
11911
11910
11913
11912
11915
11914
11917
11916
11918
7006
12932
12930
12931
12936
12937
12934
15615
10060
12939
10206
7044
7047
10205
10202
7040
7043
10201
16478
7049
7048
10208
10209
13368
4478
18398
8608
8609
9492
6988
8602
8603
8600
6984
8606
6982
8604
8605
13360
8023
13362
14695
14694
14697
13363
14691
14693
14300
13364
2981
2980
14699
14698
2985
4474
4477
14262
9494
8021
4358
4359
14263
4355
4356
4357
4350
4351
4352
4353
11003
11002
11001
11000
11007
14526
11005
14524
11009
11008
8026
7503
15392
11344
11345
11346
11347
11340
11341
11342
11343
11348
11349
5708
5709
5704
5705
5706
5707
5700
5701
5702
5703
9251
19899
15335
12454
8025
6426
8901
12456
6420
15330
15333
14019
15781
6423
13984
15783
4294
6895
4297
13987
9101
15339
15787
3316
12458
6899
16585
16584
16582
6898
2460
12551
4292
12697
12696
12695
12694
12693
12692
12691
12690
3594
12699
12698
10835
10834
10837
10836
10831
10830
10833
10832
10839
10838
7829
7828
16366
7823
7822
7821
7820
7827
7826
7825
7824
8900
4926
5328
17181
22924
9368
9369
9366
9367
9364
9365
9362
9363
5329
9361
8985
8984
8987
8986
8981
8980
8983
8982
14013
8989
8988
5490
3799
3798
1834
3795
3794
3797
3796
3791
3790
3792
4981
4980
9340
4982
4985
4984
4987
4986
4989
4988
2158
2408
9252
15436
3055
1956
14068
14069
14066
14067
14064
10600
14062
14063
14060
14061
3249
3248
3243
3242
3241
3240
13259
3151
13255
13256
13257
13250
13252
14208
14209
5498
5499
1485
3309
5494
3307
5496
3305
14206
5491
5492
14205
6312
12142
6310
6311
12147
6317
18189
12145
18184
12144
13678
13492
4748
13493
2790
14567
6319
14566
2796
14565
2797
13672
12463
13673
4741
29921
15565
14561
13676
14560
13677
8291
6537
6534
6535
6532
8294
8297
8296
8299
8298
15559
15558
6538
6539
8241
8794
8247
8244
16006
15563
18477
3878
3879
3871
3872
3873
3874
3875
3876
3877
8479
8478
8475
8474
8477
8476
8471
8470
8473
8472
7566
10439
7564
7565
7562
7563
7560
7561
10129
7568
7569
9651
9656
9657
19322
19321
9304
15319
9305
2942
9658
13896
4166
13894
13895
4163
4162
13890
4160
10127
13898
13899
10125
8245
10124
17357
13140
15405
2238
2237
5937
5936
5935
5934
5933
5932
5931
5930
16118
16119
5939
5938
3498
3499
3496
3497
3494
3495
3492
3493
3491
13401
13400
13403
13402
4574
4575
4576
4577
13409
4579
4604
11667
11666
11665
11664
11663
11662
11661
11660
16226
11668
13510
20609
17792
5740
11309
20930
13768
11300
11301
15716
7368
7369
7360
7361
7362
7363
7364
7365
7366
7367
12316
12317
12314
12315
12312
12313
12310
12311
11937
11936
11935
11934
11933
11932
12318
11930
12918
12919
11026
12910
12911
12912
15633
12914
12915
12916
7023
9006
9005
7020
7027
7026
7025
9000
10224
10225
7029
7028
10220
10221
9009
9008
9012
9832
9833
15713
9830
3330
9831
7593
15940
15941
15944
15945
7799
7798
9834
15294
7791
7790
7793
9835
7795
7794
7797
7796
14325
20718
6422
15616
14324
16874
6095
4378
4379
4372
4373
4370
4371
4376
4377
4374
4375
14549
11068
14541
11060
14543
11062
11065
11064
11067
11066
8660
8662
8663
8664
8665
8666
8667
8668
8669
15498
15499
13791
13790
13793
13792
4084
13794
13797
13796
4088
4089
11322
11323
11320
11321
11326
11327
11324
11325
11328
11329
5728
5729
13999
5722
5723
5720
5721
5726
5727
5724
5725
14320
11498
11499
11490
11491
11492
11493
11494
11495
11496
8084
8085
8086
8087
8080
8081
8082
8083
14032
8088
8089
11028
3338
13605
4080
8002
9207
16566
16561
16560
16563
16562
6648
12678
8003
6186
6644
6645
12677
6647
6640
6641
6642
12672
10813
10812
10811
10810
10817
10816
10815
10814
10819
10818
7801
7800
7803
7802
7805
7804
7807
7806
7809
7808
12444
15214
12535
8121
16300
16303
16305
16306
6398
6399
12530
6392
6393
6390
6391
6396
6397
6394
6395
2394
2393
2391
15649
3841
3840
12961
15640
5691
4969
4968
4967
4966
4965
4964
4963
4962
4961
4960
14044
14045
14046
14047
14040
14041
14042
14043
3846
14048
14049
3260
3263
3262
5128
5129
3267
4161
5124
5436
12630
5127
5120
5121
5122
5123
7944
9190
7234
15547
13238
13239
13232
7940
13230
13231
13236
13237
13234
7941
14220
14221
14222
5439
14224
9197
14226
14951
14229
7231
18211
14958
3361
4626
13989
14734
10377
14735
7948
17178
10370
10371
12525
15542
6886
6887
6884
6885
6882
6883
6880
6881
6888
6889
16098
14321
6909
13963
23107
13960
16091
15571
15570
8279
8278
8277
8276
8275
8274
8273
8272
8271
8270
9515
10773
4274
10770
12520
16546
10771
16545
10776
4279
10777
4278
10774
10775
12659
6235
8419
6669
6234
8413
8412
8411
8410
8417
8416
8415
8414
6236
7588
7589
9809
9808
9807
7585
9805
9804
7580
7581
7582
12201
6662
6233
6663
6637
12523
12650
12657
12656
6482
6664
6636
6951
12654
6480
14856
13982
15462
4149
4148
4145
6954
4147
4146
4141
4140
4143
4142
14677
3854
3852
6956
3850
3851
6485
3858
3859
14674
15427
11821
9337
13967
16146
16143
16170
10519
5919
5918
16174
5915
5914
5917
5916
5911
5910
5913
5912
19847
16326
17556
17227
9775
4558
10513
13427
13426
13425
13424
4552
4553
4550
4551
9776
11689
11688
11685
9771
11687
11686
11681
11680
11683
11682
10514
9772
14981
15732
17544
8864
6175
18957
13438
16793
14986
16798
6077
6076
12084
6074
6073
12083
6071
6070
6079
6078
2617
2616
2615
2612
2618
7346
7347
7344
7345
7342
10799
7340
10029
10026
10795
10796
10797
10022
10791
10792
7349
16404
4542
1971
13434
21688
4544
5425
12338
12339
12334
12335
12336
12337
12330
12331
15736
12333
7009
7008
10248
10249
9029
9028
6251
10242
9024
9027
9026
10246
9020
7007
9022
18683
11699
5880
2949
2947
2945
2944
2943
5889
2941
2940
5357
5356
5355
5354
5353
5352
5351
5350
5359
5358
4310
4311
4312
4313
4314
4315
4316
4317
4319
6556
11047
11046
11045
11044
11043
11042
11041
11040
15061
11049
15060
15063
3119
3118
3117
3116
3115
6553
3113
3111
3110
15960
15961
8648
8649
8646
8647
8644
8645
8642
8643
8640
8641
2596
12730
15068
11308
5741
5742
5743
5744
5745
5746
5747
5748
5749
11302
11303
11304
11305
11306
11307
4443
3185
5267
14188
12732
12536
15217
12534
15215
12532
12533
15210
12531
12538
12539
12492
15080
14184
13748
5269
16543
16090
16092
16094
16097
6668
12658
12653
12652
6660
6661
6666
6667
12655
6665
10879
10878
10871
10870
10873
10872
10875
10874
10876
16327
16890
16325
16323
16897
16320
16899
12113
16328
2135
14849
15912
2132
2373
21235
4945
4944
4947
4946
4941
4940
4943
4942
4949
4948
14163
2114
14022
14023
14020
14021
14026
14027
14024
14025
14028
14029
13708
5108
5109
3289
3287
5103
3285
5101
5106
3282
5104
3280
13210
14457
13212
13213
13215
13216
13217
13218
13219
14327
14454
10499
10498
10497
10496
10495
10494
10493
10492
10491
11132
14798
14799
14635
13701
11131
14974
14792
11130
14794
14971
14796
14797
15390
13705
12074
7504
9886
7506
13563
7507
4555
7500
14458
9882
7502
9880
6868
6869
15396
6864
6865
6866
6867
6860
6861
6862
6863
9582
17986
9583
10019
7352
7355
9587
8255
8254
8257
8256
8251
8250
8253
8252
9585
8259
8258
9234
8789
8788
9235
8783
8782
15513
8780
8787
9588
15517
8784
3284
7618
7619
7614
7615
7616
7617
7610
7611
7612
7613
10015
5105
8431
8430
8433
8432
8435
8434
8437
8436
8439
8438
9142
16023
9825
9824
9827
9826
9821
9820
9823
9822
9829
9828
12774
15589
12775
9143
15343
12776
12771
8040
2784
13959
8041
6122
8514
8515
12590
12591
4129
4128
9141
8510
12778
4121
4120
4126
12779
4196
5689
5688
4197
5685
5684
5687
5686
5681
5680
5683
5682
6153
4195
1634
13862
15295
13861
13860
9147
11519
11518
11515
11514
11517
11516
11511
11510
11513
11512
16158
5979
5978
3130
3019
5973
5972
5971
10490
5977
5976
5975
5974
7244
4228
13431
17207
15293
22581
15138
5407
13432
15290
6737
2587
14793
2582
2580
2589
2588
14973
16046
16761
6059
6058
6055
6054
6057
6056
6051
6050
6053
6052
10004
10005
10006
10007
10000
10001
10002
10003
2634
2636
10008
10009
2632
9599
9598
9229
9228
9595
9226
9597
9224
9591
9590
9221
9592
12358
12359
12352
12353
12350
12351
12356
12357
12354
12355
10260
10261
10262
10263
10264
10265
10266
10267
10268
10269
9049
9048
9043
9042
9041
9040
9047
9046
9045
9044
12466
3546
3547
3540
3541
3542
3543
3548
14227
16140
14574
2965
2967
2966
2961
2960
5847
14054
2968
6376
12713
5379
5378
5375
5374
5377
5376
5371
5370
5373
5372
13005
13004
13007
13006
13000
13003
13002
13009
13008
4338
4339
4336
4337
4334
4335
4332
4333
4330
4331
3135
3137
18009
3133
3132
14585
14584
14586
14581
14580
14583
3015
13375
10287
17859
17855
8742
15988
15989
15987
15985
15982
5768
5769
5766
5767
5764
5765
5762
5763
5761
15182
15183
15180
15189
13372
15326
15327
15324
6434
8196
6432
8499
15238
12519
16383
12514
12515
12516
6430
12510
15231
12512
12513
7427
7426
7425
7424
7423
7422
7421
7420
15779
7429
7428
16520
15480
6359
16528
6600
6601
6602
12632
9307
12634
12637
6607
6608
12638
15329
10857
10856
10855
10854
10853
10852
10851
10850
10859
10858
9300
15773
4570
9301
12189
12188
12187
12186
12185
12183
12182
12181
12180
4571
9302
2350
2357
9303
17693
3738
3735
3734
3731
3730
4691
4690
4693
4920
4927
4694
4925
4924
13588
13589
4929
4928
11726
11727
11724
11725
11722
11723
11720
11721
11728
11729
14008
14009
5162
5163
5164
5165
5166
5167
5168
5169
14002
14003
14004
14005
14006
2781
17076
17073
4776
4777
2782
13645
4775
9698
9699
9696
9697
9694
9695
9692
9693
9690
9691
4770
14913
14910
13640
14917
14915
11605
10603
5779
11607
8817
11606
4778
4578
6309
10607
1798
9463
10021
9462
12154
6848
6849
13452
6842
6843
6840
6841
6846
6847
6844
6845
14570
6306
15270
11609
12151
11053
18255
18254
18017
15271
12153
4435
14575
8233
15536
8231
15534
8237
6595
15531
6597
6598
6599
8239
8238
15538
11059
8781
15272
7638
7639
7632
7633
7630
7631
7636
7637
7634
8786
11955
8785
14126
15516
14125
14124
14122
9843
9842
9841
9840
9847
9846
9845
9844
4436
9849
9848
19754
16033
3068
16032
3092
3090
3091
3096
16031
4431
16030
9319
17619
13437
4101
9317
4103
16742
4105
4104
4106
4109
4108
9315
9646
9164
9641
10427
3898
3899
10424
15277
3892
3893
3890
3891
3896
3897
3894
3895
9165
5268
13444
15994
5950
5953
5952
5955
5954
5957
5956
11533
5958
11531
11530
11537
11535
11534
15279
15992
9416
4613
12631
14453
13503
4615
13505
13506
13507
9161
3335
15652
9162
16166
10622
6981
17261
6039
6038
9163
6032
6031
6037
6036
6035
6034
10062
9204
2659
9206
10066
10067
9203
9202
10623
10068
10069
9209
9208
7388
7389
12635
7382
7383
7380
7381
7386
7387
7384
7385
12370
12371
12372
12373
12374
12375
12376
12377
12378
12379
9061
9060
9063
14380
9065
9064
10288
10289
10286
9068
10284
10285
10282
10283
10280
10281
3563
3560
3561
3566
3567
3564
3565
3568
3569
17488
13395
13394
13397
13396
13391
4481
13393
4483
17089
4488
13398
2901
2907
2905
3035
2908
11883
11882
11881
11880
14619
11886
11885
11884
14615
14614
14617
11888
14613
20197
5318
5312
5311
5310
5317
5316
5315
5314
13022
13021
13020
13027
13026
13025
13024
13029
15264
4409
3216
15010
3152
11089
3150
3157
17871
3155
3154
11083
11082
11081
3158
17878
11086
11085
11084
10648
2485
13359
2018
2482
17301
3032
2483
16408
10647
18252
4656
8574
8575
8576
8577
8570
8571
8572
8573
8578
8579
12578
12579
12572
12573
15250
12577
12574
12575
7409
7408
7405
7404
7407
7406
7401
7400
7403
7402
4650
16059
16058
16502
16501
16500
6628
12618
12617
6627
12615
6625
12613
12612
6620
6621
12773
14977
2812
11929
4652
15018
19883
13307
15220
15227
12298
15019
12506
13625
13624
4716
4717
13621
4711
4712
4713
2338
13629
13628
14703
12509
10728
14250
3715
3714
3717
3716
3711
3710
3713
3712
14252
3718
15656
2711
17676
8189
4124
17672
15654
17670
2717
4909
4908
15655
4679
2489
13566
13567
4675
4674
4905
4904
4907
4906
11708
11709
11704
11705
11706
11707
11700
11701
11702
11703
5148
5149
5146
5147
5144
5145
5142
5143
5140
5141
10725
17010
17011
17014
7221
7220
7086
7223
4658
7089
7222
10724
3376
7953
13531
7224
3374
7227
7226
5420
10691
10727
5423
10342
16446
10341
15352
7247
7246
7245
10340
7243
7242
7241
7240
10347
16553
7249
10346
4214
10697
7958
15351
6820
6821
6822
6823
6824
6825
6826
15880
10661
6829
10545
10547
10546
10541
10540
10543
10542
15350
10549
10548
12644
12645
12646
10720
14282
8816
14280
6676
18909
18908
8811
14285
14938
14939
14288
14289
8819
8818
8219
8218
12642
8749
15088
8211
8210
8213
6672
8215
15082
8741
8216
7650
7651
7652
7653
7654
7655
7656
7657
7658
7659
5804
8175
6248
8418
15382
12278
6679
15383
12649
14552
10405
8179
13954
4242
9567
15776
13952
9869
9568
13581
10406
10746
9861
9860
9863
9862
9865
9864
9867
9866
11146
14427
11144
11145
11142
11143
11140
11141
6244
15478
11148
12274
12277
6247
5525
5380
5381
15770
18134
13818
15473
13816
13817
13814
13815
13812
13813
13810
13811
NULL
11838
6947
5387
15477
11836
15474
5389
6964
14846
14847
18188
14840
14841
11551
11550
11553
11552
11555
11830
11557
11556
11559
11558
6967
11949
16153
16154
16155
10601
16330
10606
6969
6968
17201
13516
16264
17205
16261
4519
19949
6011
6010
6013
6012
6015
6014
6017
6016
6019
6018
8876
17248
9263
10049
9261
9260
9267
9266
10738
9264
10040
10041
9269
9268
10044
10045
10046
10731
12398
12399
12396
12397
12394
12395
12392
12393
12390
12391
8396
9089
9088
9087
9086
9085
9084
9083
9082
9081
9080
5089
5088
5083
5082
5081
3503
5087
3505
5085
5084
2670
2672
2676
2929
2921
2924
2927
5331
5330
5333
14638
5335
5334
5337
5336
5339
5338
14630
14637
14636
18594
14634
13049
13048
13041
13040
13043
13042
13045
13044
13047
13046
6547
6546
3179
15075
3171
15072
3173
3172
3175
3174
3177
3176
13243
18490
2323
6279
4515
5253
14198
8552
8553
12804
8551
12802
8009
8554
12557
12558
12559
8006
8559
8000
8001
12808
12809
14479
4419
7469
7468
7463
7462
7461
7460
7467
7466
7465
7464
16079
5259
16072
16077
16076
10899
10898
10893
10892
10891
10890
10897
10896
10895
10894
7030
3723
4686
13596
5992
4932
4685
7031
13593
4683
4732
4026
13601
13600
4736
4737
2318
4735
4738
4739
5854
5855
5856
5857
5850
5851
7032
5758
13733
5858
5859
3773
3772
3770
3777
3776
3775
3779
3778
13544
13545
4657
13547
13599
4653
13543
13598
13548
17387
13512
2709
11734
7889
7888
11768
11769
16385
16384
16386
16389
11763
11760
4029
7885
11767
7887
7886
17030
17033
17035
17036
17037
14440
14441
11122
14443
14445
11126
13339
11127
7037
10387
10386
10385
10384
10383
10382
10381
10380
10389
10388
16925
16926
7269
7268
16922
7265
7264
7267
7266
7261
7260
7263
7262
6204
12234
12237
12236
12231
12230
6202
6203
6208
6209
15868
15719
15718
6806
6807
6804
15714
6802
6803
6800
15710
9744
9745
9746
9747
10567
10566
10565
10564
3753
10568
9748
9749
21431
24150
8839
8838
8835
8834
8837
8836
8831
8830
8833
17066
16670
9227
7678
7679
7676
7677
7674
7675
7672
7673
7670
7671
9596
9223
16676
9222
9593
9220
15578
19378
18073
1285
12701
11168
11169
6151
14404
11165
11166
14407
11160
11161
14402
14403
8765
8764
8767
8766
8761
8760
8763
8762
12705
8769
8768
18722
8501
13836
13832
8500
6157
13838
12875
17992
6158
12874
6159
12873
10240
8504
8507
5629
5628
5627
5626
5625
5624
5623
5622
5621
5620
8493
8492
8491
8490
8497
8496
8494
10241
8498
13873
10966
4185
4184
5995
5994
5997
5996
5991
5990
5993
11578
11577
11576
11575
11574
5999
11572
11571
11570
14191
13335
10244
4677
6781
6780
6783
6782
6785
6784
6787
6786
6789
6788
10245
4676
15030
4016
2881
16719
16717
15593
16241
16242
16711
14533
15378
12008
12009
12006
12007
12004
12005
12002
12003
12000
12001
2888
9249
9248
2889
9539
9538
9537
9240
9243
9534
9245
9244
9247
4673
12403
3698
3699
3690
3692
3694
3695
3696
3697
16496
2769
4671
16490
3526
3527
3524
3522
3523
3520
3521
3528
3529
2768
4670
10714
10715
10716
10717
10710
10711
10712
10713
2696
10718
10719
14651
14874
14877
14876
14655
14654
14872
14659
14658
14878
13558
7881
13067
13066
13065
13064
13063
13062
13061
13060
13069
13068
12400
7880
18718
4534
6656
17835
4535
7882
16360
15372
4537
15375
7884
7199
7198
7193
7192
7191
7190
7197
7196
7195
7194
12473
4530
10422
6400
8538
8539
8028
8029
12828
12829
15298
15299
8022
8531
8532
12827
8534
8027
8024
8537
7441
7440
7443
7442
7445
4531
7447
7446
7449
7448
6405
2265
6408
6409
15239
15767
15764
13993
4283
13991
6874
13997
13996
4284
13994
15762
4288
4289
10170
15760
10426
7592
4758
4759
13661
4751
13663
4753
13665
4755
13667
4757
5872
5873
5870
5871
5876
19774
5874
5875
11292
11293
5878
5879
11296
11297
11294
11295
3759
3758
3751
3750
17638
3755
3754
3757
3756
13522
13523
4631
4630
4637
4636
13524
13525
2199
4639
13529
14410
11740
11741
11742
11743
11744
11745
11746
11747
11748
11749
6940
13459
13423
6403
13298
2045
2701
13290
13291
13292
13293
13294
13295
13296
2043
13652
6194
6195
6196
6197
6190
6191
6192
6193
13654
6198
6199
4764
2736
2737
2730
2733
20090
4766
2739
9186
9187
9184
9185
9182
9183
9180
9181
10365
10367
10366
10361
10360
9188
9189
16903
9410
7209
7208
16907
9411
7203
7202
7201
7200
7207
7206
7205
7204
6222
12212
6220
12210
12217
6227
6224
6225
9414
6228
6229
9415
15848
11610
15842
15841
10638
10509
9763
9760
9761
9766
9767
9764
9765
10501
10500
9768
9769
10505
10504
10507
10506
12122
6375
8859
8858
10631
13453
8853
8852
8851
8850
8857
8856
8855
8854
10141
10140
12404
10143
10414
10413
10412
5274
5275
5276
5277
5270
5271
5272
5273
10410
5278
5279
10318
11946
9287
14131
14132
11942
10319
11943
5803
18455
16021
18014
14137
17995
11109
3038
3039
1557
3034
11103
11100
14461
11106
11107
14464
11105
8703
8702
8701
8700
8707
8706
8705
8704
15599
8709
8708
13852
13853
13850
13851
13854
13858
13859
5605
5604
5607
16751
5601
5600
5603
5602
5609
9320
9633
16754
9326
9635
9324
9325
14511
10683
4692
12259
12455
6425
12457
6427
12451
6421
12453
12452
6428
6429
10226
4695
13211
6256
6769
6768
6767
6766
6765
6764
6763
6762
6761
6760
9977
9976
9975
9974
9973
9972
9971
9970
9979
9978
16734
16737
6254
16738
16739
12024
12025
12026
12027
12020
4696
12022
12023
15054
16220
12028
12029
19905
10222
11395
11394
14518
15313
6407
2508
2506
2504
2501
2500
10316
5049
5048
5047
5046
5045
5044
5043
5042
5041
5040
11391
10772
9514
9517
9516
9511
9510
9513
9512
10778
10779
9519
9518
14853
14852
11828
14679
18559
11825
11824
11827
11826
14673
11820
11823
11822
15317
13089
13088
13085
13084
13087
13086
13081
13083
13082
0
15316
6404
3206
3204
20289
5186
4291
10196
10197
10194
10195
10192
10193
29752
10191
1624
10198
10199
15314
10056
15108
15109
15106
15107
15104
15105
15102
15103
15100
15101
2833
9025
13578
18081
18083
12594
8517
12596
12597
8044
8045
8046
8511
8048
8049
12598
12599
8518
8519
12848
12849
12842
12843
12840
12841
12846
12847
12844
12845
4117
15318
11398
7982
24286
16687
13575
16341
7983
2866
24501
10157
15039
13845
13647
13646
4774
13644
4772
4773
13641
4771
12518
13649
4779
10446
14711
15669
5818
5819
10155
15668
5810
5811
5812
5813
5814
5815
5816
5817
4888
12517
14240
10355
17346
15230
14241
12511
13508
13509
4611
13501
13502
4612
13504
4614
4617
4616
12940
15667
15211
7988
2705
14248
13573
20878
10358
20704
2700
2703
2702
10442
16693
16691
16694
10688
11981
3343
10443
2712
2710
5453
2716
7964
2715
3346
2718
9178
14305
3347
7957
10698
10349
10348
9168
9169
7951
7950
7229
7228
10693
9167
9160
10694
10345
10344
10681
6921
9173
16962
10687
12279
6249
14397
9171
6240
12270
6242
10685
12275
6245
6246
12276
10527
10526
10525
10524
10523
10521
10520
10529
10528
9709
9700
9701
9702
9703
9704
9705
9706
9707
8871
8870
8873
8872
8875
8874
8877
14995
8879
8878
14998
14999
12633
4404
6603
4405
6604
4406
6605
12491
13316
6606
4258
11298
12636
12493
4401
2631
12639
8160
4402
6609
8167
13312
10569
12494
5252
10758
5250
14199
5256
12497
5254
5255
14192
14193
14190
8164
14196
14197
4251
12269
13941
15829
17084
4252
10207
4255
13945
11120
11121
14334
11123
11124
11125
14446
14331
11128
14449
4256
10752
14338
14339
12261
10204
11508
3012
12266
3011
3016
3017
6377
8729
8728
12264
8721
8720
8723
8722
8725
8724
8727
8726
4189
14839
11505
14838
4181
4180
4182
10332
5391
4187
4186
5663
5662
5661
5660
5667
5666
5665
5664
5669
5668
10535
10539
14833
5398
14835
15289
11806
10200
6402
15312
12471
15310
12477
8188
12475
12474
8185
8184
8187
8186
8181
8180
8183
8182
7764
7765
7766
7767
7760
7761
7762
7763
4640
7768
7769
3904
3905
3906
3907
3900
3901
3902
3903
3908
6745
6744
6747
6746
6741
6740
6743
6742
11637
6749
6748
9716
9959
9958
9955
9954
9957
9956
9951
9950
9953
9952
16753
19922
16203
16206
16207
6231
12043
12040
12041
12046
12047
12044
12045
3470
12048
12049
3471
4194
11500
8881
3659
3654
3655
3656
3650
3651
3653
2527
2522
2529
2528
11465
11467
11466
11461
11460
11463
11462
11468
5065
5064
5067
5066
5061
5060
5063
5062
5069
5068
17150
17408
8380
13878
13319
13318
13315
13314
13317
4407
4400
13310
13313
4403
9573
10759
9571
9570
9577
9576
9575
9574
10750
10751
9579
10753
10754
10755
10756
10757
5393
5392
11809
11808
5397
5396
5395
11803
11802
11801
11800
11807
14834
11805
11804
6990
2011
7451
12826
15337
15043
6573
14844
6590
15041
8991
6571
17049
15047
15046
9397
9396
9395
9394
9393
9392
9391
9390
6591
6575
9399
9398
12820
13597
18576
15331
15049
15125
15120
6592
15129
12821
6915
4384
4567
10911
12273
7159
7158
7157
7156
7155
7153
13595
7151
7150
4099
7697
15924
1374
12860
12861
6594
12863
12864
12865
8068
8069
8066
8067
8064
8065
8062
8063
8060
15332
7485
7484
7487
7486
7481
7480
7483
7482
7489
7488
2899
2898
2895
2894
2897
2896
13871
2893
2892
6596
6907
1721
13591
13136
6906
15837
4923
13590
4922
3838
13132
13582
15921
13583
4798
4799
6905
8541
4794
4795
4796
4797
4790
4791
4792
4793
5836
13720
5834
5835
5832
5833
5830
5831
11256
11257
11254
11255
11252
11253
11250
11251
4699
32928
4698
4035
13876
4037
4036
11784
11785
11786
11787
11780
11781
11782
11783
11788
11789
6494
2668
14969
2669
11710
14303
14301
12789
12788
17367
17360
12781
14307
12782
12785
12784
12787
3000
10321
2779
10323
10322
10325
10324
10327
10326
10329
2771
2772
4890
4897
4896
4895
2777
9498
9499
9148
9149
7979
16942
16941
16940
7975
9491
9140
9493
7971
9495
9496
9497
12257
6267
6264
6265
12253
6263
6260
6261
21181
13233
6268
6269
17090
17096
17097
14001
4078
17099
9726
9727
9724
9725
9722
9723
9720
9721
4270
35330
9728
9729
6492
3467
3466
3465
8899
8898
8897
8896
8895
8894
8893
8892
3469
8890
13538
7152
16661
2407
5238
5239
5230
5231
5232
5233
5234
5235
5236
5237
13126
13127
13124
13125
13122
13123
13120
13121
15806
15804
13128
13129
14800
3070
3071
3073
14318
14319
3076
3077
3078
3079
14317
6908
14311
14312
14313
12712
17958
6142
11614
12710
17955
12716
6146
6145
11615
12715
12862
5649
5648
6629
5641
5640
5643
5642
5645
12718
5647
5646
12719
12866
12867
12869
14804
10973
8061
6468
6469
12411
6461
12413
6463
6464
12414
12417
6467
7742
7743
7740
7741
7746
7747
7744
7745
7748
7749
11611
3923
3920
3921
3926
3924
3925
3929
12495
8307
8306
6721
6720
8303
6726
6725
6724
10299
6729
6728
8309
8308
3308
9939
9938
9933
9932
9931
9930
9937
9936
9935
9934
16773
6099
6098
10293
6091
6090
6093
6092
12064
12065
12066
6096
12806
4823
14927
10351
12807
3678
3672
3673
3670
3671
3676
3677
3674
3675
2543
4821
2540
2544
12155
11443
11442
11441
11440
11447
11446
11445
11444
11449
11448
3580
5002
5001
3583
5007
5006
5005
3587
3588
3589
5009
5008
17138
6045
17428
13958
3290
17130
17135
8747
4428
13338
13333
13332
4420
13330
4426
13336
4424
13334
9559
9558
9551
9550
9553
9552
8746
9554
9556
12800
12801
12152
12215
17510
11861
8935
14815
11862
8930
11864
11867
11866
11869
11868
8938
8939
14818
15142
15143
15141
15146
15147
15144
15145
15148
15149
7175
7174
7177
7176
7171
7170
7173
7172
7179
7178
12593
2917
8629
3809
12889
12886
12887
12884
12885
12882
12883
12880
12881
12468
12469
14765
14764
14761
14760
14762
14769
14768
12464
12465
6417
12467
6411
14944
6410
15753
13939
4229
14803
15752
4224
4225
4226
13936
4220
13930
4222
4223
5586
5587
5584
15750
5582
5583
5580
5581
15757
4254
5588
5589
11274
11275
11276
13688
11270
11271
11272
11273
13683
13681
13680
11278
13686
13684
19061
14941
5300
5303
7906
3913
8503
27269
22085
4921
4538
13448
8314
3238
6731
8623
6732
10905
10904
10907
6733
10901
10900
10903
10902
8310
10909
4536
8311
9121
9122
4825
10659
6736
10309
9127
10307
10306
10657
10656
10303
10650
10301
10652
7919
6593
16437
4820
16435
5970
7913
7912
7911
4533
7917
7916
7915
7914
10628
4618
6288
8235
9402
6284
6285
6286
6287
6280
6281
6282
6283
8506
20831
7984
3306
7985
7986
5837
11624
12132
4592
12133
10018
12130
6360
3449
11258
11730
3445
3444
3447
11259
3441
3440
3443
6366
2024
2757
2020
12134
2750
2751
12135
2759
9335
14598
10153
14599
10402
5216
5217
5214
10151
5212
5838
5210
5211
14156
14157
5839
14152
14153
14150
14151
10154
3534
9332
13108
13104
13106
13107
13100
13101
13102
14484
14485
14486
14487
14480
14481
14482
14488
12319
14378
14379
3059
14372
3057
3054
14371
3052
3053
14374
3051
4802
10012
7635
15688
15680
15683
15682
15685
15684
15687
15686
8234
9624
10010
15425
6447
6916
6917
12433
6911
6440
12430
6918
6919
6448
12438
14807
7728
7729
7720
7721
7722
7723
7724
7725
7726
7727
14894
12079
10016
3940
3941
3942
6089
3944
3945
3946
3947
6709
6086
8329
8328
6454
6701
6700
8327
6702
6705
8320
8323
8322
9911
9910
9913
9912
9915
9914
9917
9916
9919
9918
39080
12174
6080
6081
10014
4422
4495
22148
22417
13119
4056
13744
4054
13742
4052
4051
4050
4059
13749
13118
3610
3611
3613
3615
3616
3617
3618
3619
2568
2562
2566
11429
11428
11421
11420
11423
11422
11425
11424
11427
11426
5029
5028
17442
17444
17111
17110
5021
5020
5023
5022
5024
5027
5026
13351
4441
13353
13352
13355
4445
4446
4447
4448
13358
4423
964
20469
968
3847
14091
13455
3097
5390
3094
3397
10466
10467
10464
10465
10462
10463
10460
10088
10468
7321
8912
3966
8910
8911
8916
8917
8914
11848
8325
11846
11845
11844
11843
11842
11840
15169
3239
7328
15163
15164
15165
15166
10081
7113
7112
7111
7110
7117
7116
7115
7114
7119
7118
18792
3964
4499
16839
1674
12179
14742
12233
14746
14745
4100
14749
14748
4102
1415
12955
15676
15460
4208
15677
5399
4202
4203
4200
4201
4207
4204
13914
9683
5568
5569
5564
5565
5566
5567
5560
5561
5562
5563
15248
11212
11213
11210
11211
11216
11217
11214
11215
11218
11219
14272
14271
7968
14277
12786
3820
2778
7297
12562
3353
10320
4899
3415
23951
4898
12567
12239
15246
7298
4893
10328
10404
4891
14525
16182
16181
16186
16184
10378
16634
16632
12749
6119
16946
6114
12744
12747
6117
12741
6111
6112
6113
10923
10922
10921
10920
10927
10926
10925
10924
18278
10929
10928
7978
7283
7930
7933
7932
9458
7286
9108
7936
9106
9107
9104
9105
10677
10676
9100
10674
16459
9490
10376
7974
16452
21141
7977
12299
7976
12293
9146
12291
12290
12297
12296
12295
7970
9144
9145
6266
12256
12255
12254
2332
6262
21497
12252
7391
12622
3428
12251
6612
14934
3421
13309
3427
12620
3424
13306
12621
4589
4588
4859
4858
4857
4856
4587
4586
4581
4580
4851
4850
14174
15906
14177
14170
18492
14172
6960
13302
6614
14178
12480
13303
11988
11989
13300
13774
6965
11980
12258
11986
11987
11985
12629
15456
13271
6966
10581
8156
13168
10582
10585
10584
10587
10586
10589
10588
13160
13166
8626
13164
13165
11182
11183
11180
8627
11186
11187
11184
11185
14358
8152
11189
11539
8621
15465
11538
10039
8150
17914
10846
5176
5959
11532
4934
12987
12986
12985
12983
12982
12981
12980
12989
12988
12584
6932
6933
6930
6931
6936
8698
8129
8128
8695
8694
8125
8124
8691
8122
8693
8692
7706
7707
7704
7705
7702
7703
7700
7701
10034
7708
7709
8349
8348
8343
8342
8341
8340
8347
8346
8345
8344
5178
6973
1901
22120
4079
13769
4075
13765
13766
4076
13760
4070
13762
4072
5797
5796
5795
5794
3962
5792
5791
5790
5799
3969
3636
3637
3634
3635
3632
3633
3630
3631
8891
6451
3468
11407
12098
11405
11404
11403
11402
11401
11400
13331
11409
11408
12197
7864
4722
4469
4466
4467
4464
13374
4462
4463
4460
4461
6455
16847
16845
16843
12176
12177
6325
12175
6323
12173
12170
6320
6329
6328
14505
7938
11024
6457
9667
9666
9665
9664
9663
10449
9661
9660
10116
10117
10114
10447
10440
10441
10110
9668
8520
11023
8562
14502
6456
8978
8979
15055
8970
8971
8972
8973
8974
8975
8976
8977
14509
6459
15051
7139
7138
7131
7130
7133
7132
7135
7134
7137
14353
15774
4868
1655
7945
4869
2839
2838
2836
8524
14355
2830
7946
3390
5405
5404
3395
5402
5401
5400
14721
14720
14723
14722
14725
14724
14727
14726
1731
2487
7947
4260
13970
4262
4263
4264
4265
4266
13976
13979
4269
18115
1885
5548
5549
5542
5543
5540
5541
5546
5547
5544
5545
8598
8599
8596
8597
8594
8595
8592
8593
8590
8591
8076
18507
11238
5891
5892
5893
5894
5895
5896
5897
5898
11231
11232
11233
11234
11235
11236
11237
4919
4916
4917
15800
15151
4915
4912
4913
4910
9525
4911
17263
9894
9895
9896
9897
9890
9891
9892
9893
9898
9899
6033
16619
16618
13919
16610
16617
4866
22592
12769
6139
6132
6133
6130
12760
12767
6137
6134
6135
10949
10948
13918
10941
10940
10943
10942
10945
10944
10947
10946
9205
9478
9479
16471
10063
9472
9473
9470
9471
9476
9477
9474
9475
14314
9521
10061
3251
10229
14315
9201
9200
10064
14310
7949
10065
2652
7942
2247
2241
2242
2650
2656
3401
3400
3403
3402
3405
3404
3407
3406
4875
4874
4877
4876
4871
4870
4873
4872
4879
4878
10611
10610
13498
10612
10615
10614
10617
10616
10619
10618
13490
2791
13496
13497
13495
14112
14113
14110
14111
14116
14117
14114
14115
18474
14118
14119
17704
8324
14290
12552
13141
13142
13143
13144
13145
13146
13148
13149
20694
9780
9781
9782
9783
9784
9785
9786
9787
9788
9789
9403
9608
14292
18955
12554
13910
12728
5116
14294
12978
12556
9400
12967
15641
12960
12963
12962
7096
7097
7094
7095
7092
7093
7090
7091
6172
7098
7099
5696
12979
12894
8212
12897
8105
8104
8107
8106
8101
8100
8103
8102
12891
8109
8108
6958
6959
6488
6489
12893
6950
6483
6952
6481
6486
6955
6484
6957
10721
9405
8214
8361
8360
8363
8362
8365
8364
8367
8366
8369
8368
9062
9067
9066
5644
9069
3186
3187
3182
3183
3188
22106
11397
11396
4019
13709
11393
11392
4661
11390
4013
13703
13700
4010
13706
13707
11399
4014
3988
3989
3984
3985
3986
3987
3980
3981
3982
3983
9408
12607
5257
15877
16289
8157
16281
16286
16287
17487
15875
8155
2481
2477
2476
2475
2472
2471
15872
4852
2479
7259
7874
7875
7876
7877
7870
7871
7872
7873
7878
7879
4484
6913
4485
16867
16863
4487
12158
12159
6305
6304
12156
12157
12150
6300
6303
6302
10134
10135
10136
10137
10130
10131
10132
10133
13392
10138
10139
10428
10429
9649
9648
8057
9318
9645
10423
10420
10421
9313
9640
9311
10425
8956
8957
8955
8952
8953
8950
8951
8958
8959
8056
4209
6855
15745
14120
15746
15747
3214
1984
3217
3210
3211
3212
3213
2134
15743
3218
1989
9166
2814
2811
2813
12418
6859
2819
2818
14706
14705
14704
14251
14702
14700
24223
14258
14709
14708
5429
5428
3379
3378
3377
5424
5427
5426
3373
3372
3371
5422
6460
15370
11887
6462
14618
12412
4248
4249
13957
12415
4244
4245
13953
4243
13951
6465
5520
5521
5522
5523
5524
6466
5526
5527
5528
8543
15376
11889
13560
14616
12447
10111
15076
15077
6545
6544
6543
6542
6541
6540
6549
6548
16833
12437
15597
14291
8805
15596
7517
7516
7515
7514
7513
7512
7511
7510
14295
16838
7519
7518
16671
12107
16673
4844
16675
14297
12106
14920
6354
6150
12700
6152
12702
6154
12707
12706
12709
12708
12102
10967
6723
10965
10964
10963
13458
10961
10960
6351
8305
10969
10968
4527
2184
8304
4830
3237
13454
8302
15520
4832
8301
16494
16497
8300
15522
4834
4837
6587
13451
4847
8759
6585
8209
8206
2268
2269
8755
11638
12431
8756
7996
14455
8205
7995
8202
15537
7994
8203
11634
11268
11635
8753
11636
14287
4813
4811
4810
4817
4816
4815
4814
8232
9432
4819
5826
17876
9433
11616
11617
9412
9413
11612
11613
10639
5828
9418
9419
10635
10634
10633
10632
11618
10630
14138
14139
11948
9617
14130
11947
11944
14133
14134
9614
14136
11941
9615
5258
18063
9344
17727
17721
9613
8230
9346
15491
10168
36539
17879
10167
11072
10166
15533
15058
9618
10160
10093
10092
10091
10090
10097
10096
10095
10094
10099
10098
7284
13934
13183
12949
12948
12943
15662
12941
15660
12947
12946
12945
12944
13937
7078
7079
7074
7075
7076
7077
7070
7071
7072
7073
14394
14396
18634
14390
14392
14393
14398
8163
12490
6974
6975
6972
8166
15913
6971
12499
12498
8169
8168
6978
6979
12995
12068
12069
9659
8681
8918
8170
8389
8388
8387
8386
8385
8384
8383
8382
8381
14885
12060
8686
9461
12061
12062
8171
4389
12063
3325
4383
4382
4380
4387
4386
4385
6094
1370
6097
12067
8172
8815
8684
4031
13722
4032
13724
4034
13726
13727
13728
4038
8173
11379
11378
8814
11375
11374
11377
11376
11371
11370
11373
11372
8174
14377
12440
8176
14437
14431
3582
14430
14433
12745
8566
2458
2455
14439
2457
2450
14438
7852
7853
7850
7851
7856
7857
7854
7855
7858
7859
9468
16808
16809
16802
16804
16805
12138
12139
6363
6362
6361
12131
12136
12137
6365
6364
10152
10401
10150
9336
10156
9330
9333
10407
10408
10409
10158
10159
9339
9338
15915
9629
9628
9623
9622
9621
9620
9627
9626
9625
7332
9294
14899
14897
14895
7330
14893
14891
14890
4704
3224
3226
4018
14097
14096
14095
14094
14093
14092
7354
14090
13731
14099
14098
3232
3233
3230
3231
3236
5198
3235
5195
5194
5197
5196
5190
5193
5192
13264
13267
13261
13260
13263
13262
13269
13268
2871
2870
2877
2876
8521
2874
2879
2878
14273
3354
3357
14270
3351
14276
14275
14274
14279
14278
3359
5449
5448
20061
5443
5442
5441
5440
5447
5446
5445
5444
7359
8204
11118
15602
5508
5509
5506
15605
5504
5505
5502
5503
5500
5501
12927
17312
15608
4012
11619
6144
4041
4011
6569
6568
3321
6565
6564
6567
6566
6561
6560
6563
15053
7687
7686
7685
3323
7683
7682
7681
7680
5472
5136
12570
7689
7688
3827
3826
3825
3823
3822
10333
13739
3327
9157
3829
15257
8444
8445
8446
8447
8440
8441
8442
8443
9151
15255
8448
8449
10337
14267
9153
10335
12746
7539
7538
7535
7534
7537
7536
7531
7530
7533
7532
16659
16656
16126
16653
16652
16123
2766
6178
6179
6176
12726
6174
12724
12723
6173
6170
6171
10989
10988
14661
10985
10984
10987
10986
10981
10980
10983
10982
16953
7051
7900
9482
7902
14663
9480
2205
7904
11586
11587
11584
11585
11582
11583
11580
11581
9484
11588
11589
12240
6270
12242
12243
13839
12244
16052
17290
4750
12245
4839
4838
6277
4529
4528
4831
4526
4833
6276
4523
4522
4521
4836
7993
7992
7991
7990
7997
11639
9438
9439
9436
9437
9434
7998
11630
11631
11632
11633
4421
12619
5298
5299
5296
5297
5294
5295
5292
5293
5290
5291
13184
13185
13186
13187
13181
13182
12616
4752
4425
13188
6624
17744
12614
6622
15934
6623
6994
8636
8143
6997
8633
8632
6992
6993
9292
9293
7335
9291
7333
9297
7331
9295
9555
9298
9299
8936
7339
7338
11964
11965
11966
11967
11960
11961
11962
11963
11968
11969
12921
12920
12923
12922
12925
12924
15607
12926
12929
12928
15404
11014
10215
10214
10217
10216
10211
10210
10213
10212
10219
10218
7058
7059
7052
7053
7050
9736
7056
7054
7055
18386
8149
8148
15931
6998
6999
8639
8638
8637
6995
8635
8634
8145
6991
8147
8146
14784
2998
2999
2993
2995
2996
2997
9999
9998
9023
15917
9991
9993
9992
9995
9994
9997
9996
11036
11037
14514
14515
11032
11033
11030
11031
11038
14519
13674
8512
11359
11358
19160
11353
11352
11351
11350
11357
11356
11355
11354
3459
5476
7232
19290
19299
12086
4714
4715
13627
15234
13626
4710
2336
13622
6699
6698
6693
6692
6691
6690
6697
6696
6695
6694
2439
4718
2434
7838
7839
16826
7830
7831
7832
7833
7834
7835
16358
7837
6341
6340
6343
6342
6345
6344
6347
6346
6349
12119
9254
17196
10178
9352
9603
9350
9357
9604
9607
9354
9609
10171
9359
10173
10174
10175
10176
10177
11035
14512
14513
3782
3783
8998
3781
3784
3785
8992
8993
8990
3789
8996
8997
8994
8995
4996
4997
4994
4995
4992
6511
15023
4998
4999
6514
2403
14078
14074
14077
14076
14071
14070
14073
14072
3258
3259
3250
1943
3252
3255
3256
3257
9250
13247
13245
13244
13249
13248
2851
2850
2853
2855
2857
5461
14218
5463
5228
5465
3336
5467
3334
14211
14210
14213
14212
14215
14214
1969
16828
9647
8934
11860
11863
8937
11865
8931
8932
8933
15512
8287
8284
8285
8282
8283
8280
8281
12627
8288
8289
6509
6508
6000
15032
6502
6501
6500
6507
6506
15034
6504
4901
4900
15086
4903
9643
13565
9600
3808
3805
3804
3807
3806
3800
3803
4672
8462
8463
8460
8461
8466
8467
8464
8465
8468
8469
9642
4827
7559
7558
7553
7552
7551
7550
7557
7556
7555
7554
16101
16100
16107
16106
16105
16104
15083
13885
3063
4176
13886
13881
13880
4172
13882
16987
4178
4179
14498
15903
9270
17942
7394
7397
15081
9273
14492
10729
14491
7390
14362
7393
2224
10058
2223
2220
14364
5924
5925
5926
5927
5920
5921
5922
5923
14494
5928
5929
17504
17506
10726
7399
15415
17509
10052
4505
4504
4507
13477
13470
13471
4503
13473
9135
10722
4509
4508
2089
11658
11659
11652
11653
11650
11656
11657
11654
11655
17768
17769
6437
6436
9133
10190
18673
6435
9132
12738
10379
7319
7318
12739
7315
7314
7317
7316
7311
7310
7313
7312
12305
11903
12307
11901
11906
12300
11904
12302
11908
11909
12309
12308
15629
6433
12907
12906
12905
12904
12903
12902
12901
15620
9014
9015
9016
7033
9010
7035
7036
10234
7038
7039
10239
10238
9018
9019
12733
12888
15705
6165
12735
12736
15959
15958
15489
15488
9136
15483
15482
15953
15952
15955
15957
7788
7789
7786
7787
7784
7785
7782
7783
7780
7781
14686
14687
14685
14682
14680
14681
14688
14689
4299
9134
13715
4349
4348
4347
4346
4345
4344
4342
4341
4340
8015
14538
11019
14534
11015
11016
11017
14530
11011
11012
11013
8615
8614
8617
8616
8611
8610
8613
8612
9580
38151
5219
16369
11331
11330
11333
11332
11335
11334
11337
11336
11339
11338
9139
5719
5718
5717
5716
5715
5714
5713
5712
5711
5710
14330
9586
8012
5438
7045
11489
11488
11487
11486
11485
11484
11483
11482
11481
11480
6439
9584
11039
15073
3303
17496
17497
12628
16592
16593
16594
16596
16598
17492
12681
12683
12684
12685
12686
12687
12688
12689
10826
10827
10824
10825
10822
10823
10820
10821
4565
12470
3577
15621
10829
7816
7817
7814
5093
7812
7813
7810
7811
7818
7819
3573
16375
16376
7248
9276
4497
4496
13384
13385
16151
4493
9277
13383
9379
9378
4491
9371
9370
9373
9372
9375
9374
9377
9376
5409
9278
13611
16430
2411
4978
2414
2141
4974
2418
4976
4977
4970
4971
4972
4973
15731
12485
15730
3276
14059
14058
3273
3270
3271
14053
14051
14050
14057
14056
14055
15734
4227
13931
6827
4221
13229
13228
13933
15738
13221
13220
13223
13222
13225
13224
9334
13226
14237
14236
14235
14234
14233
14231
14230
12408
9662
3319
3318
5585
5489
5488
3311
5486
3313
3312
5483
3314
3317
5480
12478
6473
12537
11898
15360
5323
15361
14569
12406
14609
18192
15367
6475
14607
9331
6474
14604
14605
11890
14603
14600
14601
1218
15546
15011
6523
6522
8268
8269
6527
6526
6529
8265
8266
8267
8260
8261
8262
8263
5208
3869
3863
3862
3861
3860
3867
3866
3865
3864
8408
8409
8400
8401
8402
8403
8404
8405
8406
8407
7571
7570
7573
7572
7575
9819
7577
7576
7579
7578
9816
9817
9810
9811
9812
9813
14281
7836
3934
15437
8813
16359
13039
12110
14284
12111
8810
12112
6555
13468
12114
3932
18275
12115
12434
4153
4150
4151
4156
12116
4154
4155
9740
4158
12117
13689
13463
11277
15435
4513
8042
8337
13460
8334
9741
13467
6719
15432
4514
18721
13464
6714
18720
11649
6715
18723
9428
13687
8748
6160
11279
15433
5903
5900
5901
16165
5904
5905
5908
5909
8745
13462
3489
3488
8744
17564
17565
8743
3483
3482
3485
3484
3486
13412
13413
13410
13411
13416
8217
13414
11640
4569
8740
15387
9423
11670
11671
11672
9422
11674
11675
11676
11677
11678
11679
11644
11641
15380
11646
13879
9601
17788
10179
9351
17781
8043
9602
7587
9605
9356
16781
9355
9606
16789
6064
12094
6066
12096
6060
12090
6062
6063
12099
10172
2604
9358
2601
2602
2603
2608
10783
10782
10781
10780
10787
10038
10785
10784
10035
13770
10789
10788
10031
10030
10033
10032
7379
7378
15450
7372
7371
7370
7377
7376
7375
7374
12323
12322
12321
12320
12327
12326
12325
12324
11921
11922
11923
11924
11925
11926
11927
10259
9033
9030
9031
9036
13776
7018
9035
10251
10250
9038
7015
10255
10254
7010
10256
16156
15728
15438
13938
3322
8999
2958
2955
2956
2957
15439
24349
2952
2953
5344
5345
5346
5347
5340
5341
5342
5343
5348
5349
3788
4365
4364
6084
4366
4361
4363
4362
4369
18034
6085
11078
14559
3108
3109
3104
11073
11070
14551
11076
11077
3102
14555
15977
8672
8671
8670
8677
8676
8675
8674
8679
8678
4093
4092
13780
4090
13786
4096
13784
13785
14259
13778
13788
4991
5735
5734
5737
5736
5731
5730
5733
5732
11317
11316
11315
11314
11313
11312
11311
11310
13753
9868
4043
19127
4048
4049
8097
12524
8095
8094
12521
8092
8091
8090
12529
12528
8099
14426
11147
16578
16576
16577
16574
19782
14423
14420
6659
6658
6657
12667
12664
12665
12662
6652
6651
6650
10808
10809
10804
10805
10806
10807
10800
10801
10802
10803
12171
2125
6385
6384
6387
6386
6381
14428
6383
6382
16313
11149
6389
6388
16314
16315
3006
4175
2381
2382
6703
2386
2389
9353
9289
7307
13946
1849
1841
4541
4958
4959
9284
4952
4953
4950
2166
4956
4957
4954
4955
14031
14030
14033
7309
14035
14034
14037
14036
14038
12450
3298
4933
5139
5138
3294
3295
3296
5134
5133
5132
3292
5130
13207
13206
13205
13204
13203
13202
13201
13200
13209
13208
14962
14960
13990
14965
14788
14787
14785
14968
14783
14782
14781
14780
20551
12547
12546
12817
12816
8563
12810
8561
8560
6891
6890
6893
6892
15784
6894
6897
6896
8292
15789
13995
4547
12935
17300
6626
10906
8569
17306
8568
15619
8798
8799
8248
8249
15550
15455
8242
8243
8240
8793
8246
8795
15562
8797
14219
12459
3332
2096
3331
10908
15553
7046
3337
10203
8426
8427
8424
8425
8422
8423
8420
8421
7042
3591
8428
5469
9123
5468
9124
3339
9125
9838
9839
9126
7599
7598
7597
7596
7595
10308
9836
9837
7591
7590
9128
9129
10305
10304
10651
10302
10653
7273
4139
13325
4131
4132
4133
4134
4437
4137
5692
5693
5690
3842
3845
5697
5694
5695
3849
3848
5698
5699
13322
13323
9883
7910
4439
5968
5969
5960
5961
5962
5963
5964
5965
5966
5967
17239
17540
17541
17232
17546
19723
4549
4548
13430
4540
4543
13433
4545
13435
13436
4546
12608
11698
6638
11696
11697
11694
11695
11692
11693
11690
11691
15161
11554
2594
15457
2597
2592
12600
12601
6633
12603
6989
12605
6042
6987
6040
6041
6046
6047
6044
6986
6048
6049
6985
2620
8601
6148
2625
6983
2628
8607
7351
7350
7353
9581
9238
9239
7357
7356
10013
7358
10011
9589
10017
9231
9232
9233
12349
12348
17944
7337
12341
12340
12343
12345
12344
12347
12346
10277
10276
10275
10274
10273
10272
10271
10270
10279
10278
9058
9059
7336
9050
9051
9052
9053
9054
9055
9056
9057
14588
6562
7334
2978
14696
2972
2973
2970
2971
5362
5363
5360
5361
5366
5367
5364
5365
5368
5369
2983
2982
10230
4303
4302
4301
4307
4306
4305
4304
4309
2986
11050
11051
11052
14573
11054
11055
11056
14577
11058
14579
3128
3129
3123
3121
3127
3125
8659
8658
15999
15998
8651
8650
8653
8652
8655
8654
8657
8656
5753
5752
5751
5750
5757
5756
5755
5754
5759
5199
15195
15197
15196
15191
15190
15192
9316
15199
4609
12445
12727
6722
3442
12178
12503
12502
12501
12500
12507
15226
9314
12504
15229
12508
7434
7435
7436
7437
7430
7431
7432
7433
12725
7438
7439
13636
13637
6675
6674
6677
12647
6671
6670
6673
12643
16082
13632
16081
12648
6678
6727
4702
8286
9312
13630
4605
13631
10868
10869
10862
10860
10861
10866
10867
10864
10865
14608
16331
16880
16333
16887
16884
16338
12722
4709
4708
9310
2369
13337
14523
17687
14520
17683
17682
3724
3725
3727
3721
3722
11006
4930
4931
4684
13594
4682
13592
4936
4937
4938
4939
11004
4688
4689
11735
6503
5215
5251
11733
2101
11739
11738
5213
5115
5114
5117
15031
5111
5110
5113
5112
14017
14016
14014
5119
14011
5464
17067
6505
17064
4564
10488
10489
10480
10481
10483
10484
10485
10486
10487
14909
14908
14901
899
14903
14904
14907
15084
6879
6878
6877
6876
6875
15765
6873
6872
6871
6870
11872
8926
14802
18225
11871
18223
8923
11877
8220
8221
8222
8223
8224
11874
8226
8227
8228
8229
11875
4442
4648
15508
15509
1916
15503
15500
3802
15504
9815
7609
7608
7607
7606
7605
7604
7603
7602
7601
7600
4642
2493
4641
15742
6813
4444
13556
9850
9851
9852
9853
9854
9855
9856
9857
9858
9859
13554
9177
15172
4116
7896
4114
4115
4112
4113
9176
11770
7894
4118
4119
7895
15285
7892
7893
6124
7890
7891
10048
16476
9262
9174
5946
5947
5944
5945
5942
5943
5940
11509
11506
11507
11504
10739
11502
11503
5948
11501
10736
10737
10734
15286
10043
10732
12623
10733
10730
10047
6120
15280
4805
6123
14447
22850
3345
19133
6028
6029
17211
17212
17213
6020
6022
6023
6024
6025
6026
6027
10071
10070
10073
10072
10075
10074
10077
10076
10079
10078
2642
2643
2646
19334
9218
9219
9212
9213
9210
9211
9216
9217
9214
9215
12367
12366
12365
12364
12363
12362
12361
12360
12369
12368
8796
10679
9076
9077
9074
5410
9072
9073
9070
9071
10295
10294
10297
10296
10291
10290
9078
9079
14065
10678
3556
3554
3553
3551
3550
9236
3559
4174
2912
2913
2914
2915
2916
13884
2918
2919
9237
13887
4177
3024
4170
10298
4171
5308
5309
9265
13883
9230
5301
5302
4173
5304
5305
5306
5307
13016
13017
13014
13015
13012
13013
13010
13011
18242
13018
13019
4328
4321
4320
16479
4322
4325
4324
4326
3140
3142
3143
3145
3146
3147
3148
3149
4621
14595
14592
14593
18076
12703
10672
5778
5771
5770
5773
5772
5775
5774
5777
5776
10671
12640
2496
23327
10670
4756
15249
12568
3967
12561
12560
12563
15242
12565
12564
15247
12566
7412
7413
7410
7411
7416
7417
7414
7415
7418
16535
16539
6613
3105
6611
6610
6617
6616
6615
12625
6619
6618
10840
10841
10842
10843
10844
10845
10675
10847
10848
10849
3106
3500
3502
5080
10292
3107
5086
12198
12199
12190
12191
12192
12193
12194
22059
2345
2346
2340
15341
4033
21971
3708
3709
1889
3702
3703
3700
3701
3707
3704
3705
6446
13579
4669
4918
12436
4664
13574
13577
4667
4660
12435
4662
13572
11713
11712
11711
6445
11717
11716
11715
11714
6910
11719
11718
7000
6443
5173
5172
5171
5170
5177
15423
5175
5174
5179
15422
4237
15344
17005
4235
17007
17006
13925
15724
15897
13923
9689
9688
12439
12021
9681
9680
7002
9682
9685
9684
9687
9686
10735
13520
16011
15346
7005
7254
7255
7256
7257
7250
7251
7252
7253
7258
14639
5332
7004
15744
6854
6857
6856
6851
6850
6853
6852
10551
15748
6858
14633
10024
9191
8804
18243
8806
8807
8800
8801
8802
8803
14298
8808
8809
14928
6583
6582
6581
6580
8758
6586
8208
15527
8754
8207
6589
6588
8750
8751
8752
8201
7625
7624
7627
7626
7621
7620
7623
7622
13576
7629
7628
16014
13476
15266
4506
4501
9192
4500
13472
4502
9878
9879
9876
9874
9875
9872
9873
9870
9871
11155
11154
11157
11156
11151
11150
11153
11152
13478
11159
11158
13479
3089
3088
1505
3084
9194
3081
3080
3083
3082
3943
15263
13808
13805
13804
13807
13806
13803
13802
3885
3884
3887
3886
3881
3880
6708
13526
3889
3888
13571
11851
11524
11525
11526
11527
11520
11521
11522
11523
13189
11528
11529
8326
8321
6704
6707
6706
8777
8775
6996
14269
11855
3367
11856
16275
16272
10637
6006
6007
6004
6005
6002
6003
9131
6001
6008
6009
17277
10636
7395
9271
9272
7396
9274
9275
10059
7392
10057
9279
10055
10054
10053
7398
10051
10050
9360
12388
12384
12387
12386
12381
12380
12383
12382
15269
9098
9099
9094
9095
9096
9097
9090
9091
9092
9093
5098
5099
12641
3579
3578
5091
5092
3576
5095
5096
5097
2666
13387
2664
4494
13382
4492
13380
13381
20985
13388
4498
2939
2936
2934
2933
2930
2931
5326
5327
5324
5325
5322
11899
5320
5321
11895
11896
11897
14602
11891
11892
11893
13038
6289
13320
13034
13035
13036
13030
13031
13032
11095
11096
11097
11090
11091
11092
11093
11098
11099
17804
3168
3169
16416
3165
3162
3163
3160
3161
4429
4983
10658
15007
2001
13747
4053
15209
13740
13741
2162
9306
15005
8139
10655
12815
12814
8565
8564
12811
15262
12541
12812
4058
12818
12549
12548
10654
7478
7479
7470
7471
7472
7473
7474
7475
7476
7477
16518
11172
16510
16047
16514
16515
19092
6639
12609
11170
15002
6631
6630
12602
6632
6635
6634
12606
11176
16317
11179
11178
7021
21004
8192
15000
5507
4707
4706
13634
13635
4703
13633
4701
4700
13638
13639
2292
3761
3763
3764
3765
3766
3767
3768
3769
9465
4427
13445
17642
17644
2498
13559
4649
13553
4643
13551
13550
4646
4647
2497
4645
11779
11778
12895
2314
7898
7899
11771
7897
11773
11772
11775
11774
11777
11776
5159
5158
5151
5150
5153
5152
5155
5154
5157
5156
11902
8197
12304
11900
12306
12301
11907
8194
12303
11905
12896
11938
10962
7272
8195
7270
7271
7276
7277
7274
7275
7278
7279
8550
12805
8008
12555
6833
6832
6831
6830
6837
15895
6835
6834
15899
6839
6838
10556
8004
10554
10555
10552
10553
10550
8005
8558
10558
10559
13820
12909
13546
15628
8822
8823
8820
8821
8826
8827
8824
8825
8828
8829
18910
15098
15099
8778
8779
12892
8772
8773
8770
8771
8776
15095
8774
15097
7642
7641
7640
7647
7646
7645
7644
5829
7649
12900
6259
10233
10232
10231
9017
10237
9011
13447
7926
10235
7927
9013
7292
14202
7293
6976
5495
7922
8007
14200
7295
11173
14412
11171
5497
11177
7296
14415
14414
3302
14419
10649
14207
10310
6977
1299
7299
1292
5493
10644
18067
10313
10314
10643
13829
13828
10640
13823
13822
13821
10641
13827
13826
13825
13824
4440
5638
5639
13350
5634
5635
5636
5637
5630
5631
5632
5633
8480
8481
8482
8483
8484
8485
8486
8487
8488
8489
6367
13354
