4025
4020
11545
11380
11385
5980
10890
10895
5985
7515
7510
3995
3990
32300
6150
2780
3688
6155
4730
6795
4285.5
6790
4735
6798
5855
5850
3770
3775
4655
4650
9477.5
7880
11760
7885
2440
9525
10700
9520
9250
7865
7860
7868
4810
4815
2200
9410
11615
9415
11610
6370
12120
10635
6375
10630
10140
10415
10145
10410
11945
11940
10385
10380
9630
9320
9635
9325
8940
6005.5
8945
7268
7265
3510
7260
3515
6205
6200
2685
2680
6805
6800
9745
10560
9740
10565
5676
5180
10090
10095
3200
8835
8837
8830
2860
2865
28560
7675
7670
5450
7075
3340
7070
5455
3345
6975
6970
4250
4255
5530
5535
11165
11160
8765
8760
6896.5
7180
7185
8385
8380
8545
8015
8540
8010
6570
7455
8047.5
7450
6575
5626
5625
4380
4385
5620
7695
8490
7690
8495
3835
3830
10965
5995
4030
10880
5990
11575
11570
13605
11375
10960
11370
7520
5660
7525
5665
6140
6145
10970
6780
6785
10975
4725
4726
4720
5845
5840
11280
11285
3745
3740
4620
13535
4625
4626
11755
2270
11750
12005
12000
11595
11590
2455
9240
9535
9245
2450
9530
7850
7855
6937.5
3690
4535
4825
4530
3695
4820
7980
9400
10738.65
7985
11625
10620
6360
10625
6365
10400
10150
9330
10155
4740
11970
9290
11975
10390
3525
10395
3520
9620
9625
7210
7330
7215
13195
10715
6215
10710
6210
2695
28180
6810
6815
9755
9750
10575
10570
7325
3230
7320
3235
5195
10085
10080
5190
8840
8845
2870
2875
3355
7668
3350
7660
7665
9116.5
5448
7065
5440
5445
7060
6960
6965
8625
8155
8620
8150
7616.5
5507
5505
5500
11110
11115
8710
8715
7192
7190
7195
8538
8530
8020
9985
8535
9980
8025
11025
7440
5618
7445
11020
6565
5610
5718
6560
5615
7685
7680
3325
9155
3825
3820
8445
8440
11565
3585
4280
4285
11360
8316.5
7535
7537
7530
9255
10705
6176
9830
6175
6170
13070.02
4750
6775
6770
10980
9965
5870
9960
5875
11290
11295
3750
3755
4630
4635
11740
11745
12030
12035
11585
11580
6680
6685
9500
9505
16345
7845
7840
12105
6355
6350
4830
4525
3680
4835
45469
3685
4520
6195
7990
6190
7995
9435
9430
9340
2735
9615
2730
9345
9610
9348
36485
10165
5295
5290
10160
3530
9185
3535
9180
10365
5055
5050
10360
7200
7205
10760
6220
10765
6225
20380
6990
9760
9765
10500
10505
7335
9295
3225
3220
11965
11960
8850
8855
2840
10215
5475
10210
5470
10185
5275
5270
10180
3970
7050
7055
9890
5755.5
6995
8635
8145
8630
5510
5515
2990
3035
11100
3030
2995
11105
8700
8705
8035
8030
5605
5600
10795
9990
8520
9995
8525
11035
6510
3290
6515
9637
3810
3815
8455
8450
6425
6426
6420
4295
11350
4290
11355
7540
7545
6160
6162
6165
6767
6765
10995
4745
6760
9975
9970
5865
5860
12025
12020
4606
225
4605
4600
8680
6690
6695
6900
2435
7830
7835
7837
6340
6345
5227.5
4206
4510
4515
6185
6180
9420
9425
8843.75
2500
9600
2725
9350
9605
9355
2720
10170
5280
5285
10175
9190
7235
9195
7230
5045
10375
10370
5040
3780
3785
8990
8995
9515
10770
4995
9510
4990
10775
6235
6230
11825
11820
9775
10510
9770
10515
7300
8865
8860
7305
9285
9287
9280
9283
7006
2850
3205
7045
5460
3330
5465
7040
10200
5265
10195
10190
5260
5185
8600
6980
11135
11130
11860
2980
2985
3020
8930
8735
8730
8040
8515
12590
8045
8510
4195
4190
5670
8287
8285
5675
8280
2705
4355
4350
35900
11000
11005
6500
6505
3805
3800
11345
8460
11340
8465
4906
8190
6430
5705
5700
7550
7555
10690
11645
4775
4770
11705
4299
4175
4170
9100
6750
6754
6755
5818
9940
9945
5810
5815
7395
3065
12050
4610
4615
7390
10402.89
2225
1
5925
5926
5920
10830
2700
4505
4506
4500
7820
7825
2085
11650
11655
2715
9365
9360
8985
7220
7955
7225
8980
7950
9165
5070
10340
9160
9175
10345
5075
3795
3790
9560
4980
4985
9565
2400
6240
10745
9170
6245
10740
5380
10525
5385
10520
9700
9705
8870
8875
7315
3240
7310
3245
11900
11905
7030
9015
23272.02
10230
9010
7035
10235
5495
3305
5490
3300
9385
5250
9380
8165
5255
6671.5
10855
11120
11125
7785
7780
7145
3010
10850
7140
3015
8720
8725
8500
8050
8505
8055
4180
4185
8290
6535
8295
10990
6530
4345
4340
2880
2885
11015
7490
11010
7495
8615
8610
3870
3875
11330
11335
6957.5
8475
8470
6400
7565
7560
6405
8185
5715
8180
5710
7765
7767
7760
3905
3900
6745
4760
4765
6740
6097.5
9305
11485
11480
4165
4160
11245
10435
11240
9955
5800
9950
5805
12045
2230
11790
11795
3575
5935
10825
10820
5930
7815
7810
3495
3490
3570
4570
4575
3655
3650
2525
11665
2520
11660
11465
11460
5065
10355
10350
5060
4880
9370
9375
4885
7960
7967
7965
10680
10685
4405
4400
2145
9570
9575
10750
4975
6250
4970
10755
6255
10530
5390
10535
5395
11800
11805
1920
3275
3270
9710
9715
3475
3470
7360
8885
8887
8880
7365
11935
10720.47
9005
7020
7026
7025
9000
3310
5485
3315
5480
10545
9395
9390
5245
5240
1720
12400
3005
3000
10225
7790
4524.5
9835
7795
7937
10220
7155
7150
9105
8067
8065
8060
7485
6520
6525
7480
8265
4370
5655
8260
5650
4375
2895
3067.5
11065
2890
8660
8665
8668
4080
7216.5
4085
4087
3860
3865
11320
11325
8400
8405
7570
7575
6415
9815
5720
9810
6410
5725
7775
11393.09
7772
7770
3915
3910
6505.5
6730
8315
8310
6735
6737
11490
4795
4790
11495
8085
4150
5835
8080
5830
4155
11255
11250
9920
4035
19000
9925
11095
8605
11785
11780
6085
6080
6645
6640
5900
10810
10815
5905
7800
7805
3480
3485
4560
4565
3645
3640
6399
11675
7034.5
6390
6395
11475
11470
12785
5010
10320
10325
5015
4890
2775
4895
7975
9140
9495
9145
15299.88
6267
6265
6260
4415
4410
12095
6065
6060
12090
7234.5
4965
9545
9540
4960
9725
2600
9720
5705.5
3260
10780
3265
10785
10035
5125
5126
5120
10030
20100
6105.5
3465
3460
8895
7370
7375
8890
11920
7940
9030
9037
3320
9035
10250
7015
10255
7010
5948
5230
5235
11815
11810
3070
6885
3075
6880
2955
2950
5345
5027.5
5340
7160
7165
3998
4365
4360
8070
8075
15600.76
5640
8275
5645
8270
11070
3100
11075
8670
8675
4090
4095
5735
5730
11315
8410
8415
11310
7716.5
6460
7585
9805
7580
6465
9800
7740
7745
3920
3925
8305
6720
6726
6725
8300
4785
4780
12525
5820
8095
5825
8090
4145
11260
4140
11265
3855
3850
9930
9935
6090
6095
12065
6655
6650
5918
11060
5915
10805
10800
5910
6385
6380
3670
4555
4550
3675
2540
11685
11440
11445
3580
10330
5000
9150
5005
10335
2760
2765
7900
9480
9487
7905
9485
6270
6275
4420
4425
3250
6075
12085
6070
9550
4950
9555
4955
9730
9735
2610
3255
7345
7342
3299
7340
3295
5135
10025
10790
10020
5130
3450
3455
12330
9025
7000
10240
7005
9020
10245
8089.86
5220
5226
5225
11855
8935
13509.79
11865
12812
7175
6890
3060
6895
7170
10885
2945
2940
5355
5350
4310
4315
11045
11040
8790
8240
8795
8245
2370
3115
3110
10205
8645
6417
8640
8425
3335
8420
5726
5740
5745
11300
4225
4220
11305
5585
5580
7595
6470
6475
7590
7755
7750
3935
7071.5
3930
8330
11270
8335
6715
6710
9905
9900
4130
4135
3840
5690
3845
5695
4045
4040
6660
6665
5968
5960
10870
10875
5965
3665
3660
2280
2285
9387.14
4540
4545
11695
2570
10905
10900
11450
4799
9120
2595
3590
2590
9125
3595
10655
10305
5035
10650
5030
10300
4435
4430
7910
7915
4945
4940
6285
6280
4948
6040
11620
6045
9407
6048
6985
2620
9405
7350
9580
7355
9585
9235
5100
10010
9230
10015
5105
3445
3440
2755
2750
10495
10490
9335
10275
10270
10475
5215
10470
5210
9050
9055
5218
10405
8925
8920
7100
7105
6865
2970
3055
6860
3050
2975
5360
5365
8255
4300
8250
4305
11050
11055
8780
3285
8785
6064.5
7615
3120
7610
3125
8650
3280
8655
8430
8435
9825
6915
6445
6910
9820
6440
8737
4235
4230
5590
5595
7720
7725
3940
3945
11200
11205
8325
6700
6705
8320
9910
9915
9916
4120
4125
7435
7437
7430
5685
5680
6675
6670
4055
4050
11515
10860
5970
5975
10865
3610
3615
10915
10910
11420
11425
7290
8816.5
7292
9130
7295
7920
2580
10310
5020
5025
10315
10640
4440
4445
4448
3725
3720
4930
4685
4935
4680
6295
6290
11735
6055
2100
6050
5115
10005
10000
5110
2635
2630
13674.57
9595
9225
9590
9220
3430
3435
2740
4590
4848
4595
10480
4845
4840
10485
10260
10265
14796.57
13065
5200
10465
5205
10460
9040
9045
3545
3540
8910
8915
11845
2965
11190
11195
1960
7110
7115
3040
6875
3045
6870
5375
5370
8220
8225
4335
4330
3135
1915
7605
7600
8996.5
6018
9850
6450
6905
6455
9855
8685
8135
4200
5765
8130
5760
4205
5565
1620
5560
7730
7735
3950
6435
3955
4115
4110
11215
8350
8355
8195
7425
7968
7420
6600
6605
4060
5945
5940
4065
11505
3898
11500
5785
5780
3600
3605
11727.64
6115
6110
10920
10925
11430
11435
7930
7280
7935
7285
9455
10670
9450
10675
9490
4450
4455
3735
3730
4690
4920
4695
4926
4925
7970
11725
11720
6020
6025
6026
5160
10070
10075
5165
2640
2645
9210
7016.5
9215
3420
3425
12165
6335
2000
6337
6330
12160
4585
4855
9695
4580
9690
4850
9075
9070
10295
10290
10293
9675
10450
9670
10455
10105
10100
11605
3555
3550
10580
10585
8905
8900
9460
2910
11826.16
7126
6840
7125
7120
6845
6934.5
5300
5305
5505.5
6590
6592
8230
6595
8235
4320
4325
3140
2820
5415
3385
5410
3380
7630
5418
3388
7635
1400
4215
4210
6930
9840
9845
6935
8695
5770
8125
5775
8690
8120
7705
7700
5575
5570
3090
3095
8347.5
4100
4105
11225
8340
10420
8345
11220
7410
7415
3890
9310
3895
6610
6615
10840
5950
5955
4075
4070
11535
5795
3965
3960
5790
3635
3630
2345
11405
2340
11400
6105
13379.18
6100
10935
10930
9110
9445
9115
9440
3700
4465
4460
3705
7271.5
2125
4665
4915
4660
4910
5750
11715
6030
6035
9205
10060
5170
9200
5175
10065
2650
2655
3415
3410
7380
7385
10835
10665
6325
10660
6320
9680
4860
9685
2010
4865
9060
9065
10285
10280
9665
9660
10445
10115
10440
10110
7255
3560
7250
3565
10592
4485
10590
4480
10595
8970
10777.85
4488
8975
6855
2900
6850
2905
11880
11885
7130
7135
5318
5310
5315
8805
8800
18245
7945
6580
6585
8755
8205
8750
8200
7625
3150
7620
3155
2835
11080
11085
2830
3390
5405
3395
5400
38785
4260
4265
6925
8110
9875
6920
9870
8115
7710
7715
11150
5540
5545
3085
8595
3080
8590
8375
8370
5890
8575
8570
5895
11230
11235
3885
3880
7405
7400
8116.5
11525
11527
11520
12171.8
6626
6625
6620
4000
4005
9895
3975
8140
3620
3625
4715
4710
6130
6135
7263.03
10940
10945
3715
3710
9470
9475
4470
4475
6005
6000
4900
4675
2485
4905
2480
4670
2245
11700
9270
2465
9275
10725
10055
5145
10720
5140
10050
3400
3405
4875
4870
10610
6310
10615
6315
2060
9168
2790
6616.5
2795
9095
9090
9650
9655
10430
10120
9300
10125
6024.5
7245
7242
7240
5090
10695
5095
9780
4495
2665
9785
2660
4490
8960
8965
6820
6825
6826
2935
2930
5326
5325
10540
5320
6467
11895
11890
8815
8810
4635.5
6495
11090
8210
8745
8215
8740
7650
7655
2800
3165
3160
6490
5430
7095
7090
5435
3365
3360
9187
2150
8105
4270
8100
4275
6867
5555
5550
6950
9860
6480
9865
6955
6485
11140
10985
8580
8585
8360
8365
4755
8565
5880
5885
8560
8568
6555
6550
9400.62
3185
3180
7470
5755
7475
7476
11550
6630
6635
11395
11390
4010
4015
7505
9885
7500
9880
3985
3980
6125
6120
4705
2325
4700
10950
10957
10955
3760
3762
3765
5727.5
6010
6015
2490
4640
13150
4645
7895
7890
9260
9265
2470
10040
5150
10735
5155
10045
10730
7875
7870
4800
4805
9465
10600
11600
10605
6305
6300
10135
10130
11955
9085
9080
9645
9315
9640
10425
7270
8955
8950
7275
3500
5080
3505
5085
2670
9790
2675
9795
6830
6837
6835
2920
2925
5330
10555
5335
10550
3215
3210
8820
7015.69
8825
2815
2810
8770
8775
7640
7645
3170
7744.5
3175
7080
7085
5425
3375
5426
5420
3370
29795
11870
8170
8175
6492
4245
4240
5520
7925
5525
6942
6940
6945
9135
11175
2785
10296.5
8395
8487
8390
8550
8555
8005
8000
4399
6545
6540
4390
5635
5630
4395
8160
8480
3195
8485
3190
7460
7467
7465
