25071
64161
77041
75236
25177
68138
47129
60443
91770
28625
60440
60445
32225
38118
29697
37771
79605
85018
64153
30331
30529
73129
85260
29070
23606
30212
76101
20166
21075
33809
17406
91763
75020
63044
37421
27407
29323
85009
90045
46239
32824
37210
92807
78745
17028
46803
78610
22403
33411
85248
91752
76063
16066
33314
48265
33311
32812
83716
37138
35613
42104
32772
19440
17545
78754
2764
29461
43207
85338
78426
92337
78227
29532
89120
74135
70460
80229
90650
80112
50111
34203
37122
83687
8505
70401
16137
77086
89506
26431
33073
89139
85226
78219
75050
92101
30272
98064
76040
97217
92057
33762
45011
34761
99224
22801
75061
80022
23234
70002
62207
79932
84104
95673
38128
39402
85040
85353
45005
32219
33619
84087
55369
94544
38637
77061
92504
33916
87109
73108
3106
28273
87105
39208
32750
32503
85284
72117
97060
30315
97402
77301
21014
80817
12552
27542
32124
77073
89165
30120
35004
85204
71119
80011
