2712
2040
2711
1301
1303
762
2651
1785
764
765
3415
2091
1610
2141
693
1543
1103
1694
1944
4210
1373
2157
1469
2152
810
1801
5908
930
1673
869
2937
2922
1313
1872
993
1155
1251
4332
671
1153
4032
1497
1551
1703
4737
1557
3565
1061
5613
1062
2495
1064
1110
1418
1065
2412
533
1389
2390
2391
825
1411
2062
923
5913
822
2815
1086
1320
1628
594
3035
983
1328
986
1125
702
3276
2198
1481
1923
1487
1485
3676
1338
833
1711
1187
1717
837
834
3967
5092
3910
941
1857
2172
1257
2799
522
1398
2976
2070
2074
1421
3667
2441
582
6192
1774
1334
2282
1130
1137
7498
588
1134
1933
920
4622
1930
3265
1122
1666
2836
2647
1386
1770
2274
1413
1641
2206
782
905
909
1931
2571
1241
1243
642
1416
1417
1003
1001
623
620
1223
1220
1341
2838
1346
2452
4437
2193
3298
3000
2998
1906
2639
970
1630
975
1633
1634
971
853
2208
1583
1430
1500
1503
1038
4982
1506
650
1121
2499
1508
505
6208
2362
2939
630
569
1216
2582
1215
1353
1644
462
2735
1918
2063
1749
1590
7198
1623
1020
1023
3376
2218
1182
1028
1181
1455
1205
1450
723
2022
1515
2101
2351
1740
1808
728
6819
882
1209
2731
6492
5392
888
1169
553
4241
1898
3222
1893
4922
1053
1054
950
1966
754
1613
1197
2891
1113
2508
1118
1290
2251
1698
1750
2871
894
6519
1270
1272
2795
1275
2700
803
2322
1572
683
2090
482
1806
2506
1803
1046
1283
1800
1601
2230
3115
1974
942
1606
2003
2538
1769
1116
3191
1361
1689
1763
1571
686
805
